//Item   Effect   EffectValue   EffectLevel   ColorR   ColorG   ColorB  EffectType     EffectSize   ColorSide

//========================================================================
// WEAPONS & SHIELDS SOCKET 400 S8
//========================================================================
//Ambition Shield (AmbitionShield.bmd)
3098 32002 1 0 0.47 0.74 0.89 0.8 0.0 0.0
3098 32002 2 0 0.47 0.74 0.89 0.5 0.0 0.0
3098 32501 1 0 0.35 0.34 1.00 0.5 0.0 0.0
3098 32140 1 0 0.35 0.34 1.00 0.2 0.0 0.0

111		    32002 		3  					0 			1.00	0.00	0.00 	0.6		0.0		0.0
111		    32002 		4  					0 			1.00	0.00	0.00 	0.6		0.0		0.0
111		    32002 		5  					0 			1.00	0.00	0.00 	0.6		0.0		0.0
111		    32002 		6  					0 			1.00	0.00	0.00 	0.6		0.0		0.0
111		    32002 		7  					0 			1.00	0.00	0.00 	0.6		0.0		0.0
111		    32002 		8  					0 			1.00	0.00	0.00 	0.6		0.0		0.0
111		    32002 		9  					0 			1.00	0.00	0.00 	0.6		0.0		0.0
111		    32002 		10 					0 			1.00	0.00	0.00 	0.6		0.0		0.0
111		    32002 		11 					0 			1.00	0.00	0.00 	0.6		0.0		0.0
111		    32002 		12 					0 			1.00	0.00	0.00 	0.6		0.0		0.0
111		    32002 		13 					0 			1.00	0.00	0.00 	0.6		0.0		0.0
111		    32002 		14 					0 			1.00	0.00	0.00 	0.6		0.0		0.0
111		    32002 		15 					0 			1.00	0.00	0.00 	0.6		0.0		0.0
111		    32002 		16 					0 			1.00	0.00	0.00 	0.6		0.0		0.0
111		    32002 		17 					0 			1.00	0.00	0.00 	0.6		0.0		0.0
111		    32002 		18 					0 			1.00	0.00	0.00 	0.6		0.0		0.0
111		    32002 		19 					0 			1.00	0.00	0.00 	0.6		0.0		0.0
111		    32002 		20 					0 			1.00	0.00	0.00 	0.6		0.0		0.0
111		    32002 		21 					0 			1.00	0.00	0.00 	0.6		0.0		0.0
111		    32002 		22 					0 			1.00	0.00	0.00 	0.6		0.0		0.0
111		    32002 		23 					0 			1.00	0.00	0.00 	0.6		0.0		0.0
111		    32002 		24 					0 			1.00	0.00	0.00 	0.6		0.0		0.0
111		    32002 		25 					0 			1.00	0.00	0.00 	0.6		0.0		0.0
111		    32002 		26 					0 			1.00	0.00	0.00 	0.6		0.0		0.0
111		    32002 		27 					0 			1.00	0.00	0.00 	0.6		0.0		0.0
111		    32002 		28 					0 			1.00	0.00	0.00 	0.6		0.0		0.0
111		    32002 		29 					0 			1.00	0.00	0.00 	0.6		0.0		0.0
111		    32002 		30 					0 			1.00	0.00	0.00 	0.6		0.0		0.0
111		    32002 		31 					0 			1.00	0.00	0.00 	0.6		0.0		0.0
111		    32002 		32 					0 			1.00	0.00	0.00 	0.6		0.0		0.0
111		    32002 		33 					0 			1.00	0.00	0.00 	0.6		0.0		0.0
111		    32002 		34 					0 			1.00	0.00	0.00 	0.6		0.0		0.0
111		    32002 		35 					0 			1.00	0.00	0.00 	0.6		0.0		0.0
111		    32002 		36 					0 			1.00	0.00	0.00 	0.6		0.0		0.0
111		    32002 		37 					0 			1.00	0.00	0.00 	0.6		0.0		0.0
111		    32002 		38 					0 			1.00	0.00	0.00 	0.6		0.0		0.0
111		    32002 		39 					0 			1.00	0.00	0.00 	0.6		0.0		0.0
111		    32002 		40 					0 			1.00	0.00	0.00 	0.6		0.0		0.0
111		    32002 		41 					0 			1.00	0.00	0.00 	0.6		0.0		0.0
111		    32002 		42 					0 			1.00	0.00	0.00 	0.6		0.0		0.0
111		    32002 		43 					0 			1.00	0.00	0.00 	0.6		0.0		0.0
111		    32002 		44 					0 			1.00	0.00	0.00 	0.6		0.0		0.0
111		    32002 		45 					0 			1.00	0.00	0.00 	0.6		0.0		0.0
111		    32002 		46 					0 			1.00	0.00	0.00 	0.6		0.0		0.0
111		    32002 		48 					0 			1.00	0.60	0.00 	0.6		0.0		0.0
111		    32002 		49 					0 			1.00	0.60	0.00 	0.6		0.0		0.0
111		    32002 		50 					0 			1.00	0.60	0.00 	0.6		0.0		0.0
111		    32002 		51 					0 			1.00	0.60	0.00 	0.6		0.0		0.0
111		    32002 		52 					0 			1.00	0.60	0.00 	0.6		0.0		0.0
111		    32002 		53 					0 			1.00	0.60	0.00 	0.6		0.0		0.0
111		    32002 		54 					0 			1.00	0.60	0.00 	0.6		0.0		0.0
111		    32002 		55 					0 			1.00	0.60	0.00 	0.6		0.0		0.0
111		    32002 		58 					0 			1.00	0.60	0.00 	0.6		0.0		0.0
111		    32002 		59 					0 			1.00	0.60	0.00 	0.6		0.0		0.0
111		    32002 		60 					0 			1.00	0.60	0.00 	0.6		0.0		0.0
111		    32002 		61 					0 			1.00	0.60	0.00 	0.6		0.0		0.0
111		    32002 		62 					0 			1.00	0.60	0.00 	0.6		0.0		0.0
111		    32002 		63 					0 			1.00	0.60	0.00 	0.6		0.0		0.0
111		    32002 		64 					0 			1.00	0.60	0.00 	0.6		0.0		0.0
111		    32002 		65 					0 			1.00	0.60	0.00 	0.6		0.0		0.0
111   	    32380 		1 			        0 		    1.00	0.00	0.00 	1.0 	0.0 	0.0
111   	    32380 		2			        0 		    1.00	0.00	0.00 	1.0 	0.0 	0.0

//Thunderbolt (thunder_bolt.bmd)
1043 32002 2 0 0.20 0.46 0.90 0.8 0.0 0.0
1043 32002 3 0 0.20 0.46 0.90 0.8 0.0 0.0
1043 32002 4 0 0.20 0.46 0.90 0.8 0.0 0.0
1043 32002 7 0 0.18 0.50 0.50 1.0 0.0 0.0
1043 32002 7 0 0.50 0.50 0.50 0.3 0.0 0.0
1043 32266 7 0 0.36 1.00 1.00 0.6 0.0 0.0
1043 32266 5 0 0.20 0.46 0.90 0.3 0.0 0.0
1043 32266 6 0 0.20 0.46 0.90 0.3 0.0 0.0
1043 32266 8 0 0.20 0.46 0.90 0.3 0.0 0.0
1043 32002 8 0 0.50 0.50 0.50 0.1 0.0 0.0

//Magic Knight Shield (hellnights.bmd)
3097 32231 1 0 1.00 1.00 1.00 0.5 0.0 0.0
3097 32002 1 0 0.98 0.09 0.02 1.0 0.0 0.0
3097 32002 1 0 0.98 0.09 0.02 1.5 0.0 0.0

//Asura (asura.bmd)
30 32002 3 0 0.98 0.09 0.02 1.2 0.0 0.0
30 32002 4 0 0.98 0.09 0.02 1.2 0.0 0.0
30 32002 5 0 0.98 0.09 0.02 1.2 0.0 0.0
30 32002 6 0 0.98 0.09 0.02 1.2 0.0 0.0
30 32002 7 0 0.98 0.09 0.02 1.2 0.0 0.0
30 32002 8 0 0.98 0.09 0.02 1.2 0.0 0.0
30 32002 9 0 0.98 0.09 0.02 1.1 0.0 0.0
30 32002 10 0 0.98 0.09 0.02 0.9 0.0 0.0
30 32002 11 0 0.98 0.09 0.02 0.8 0.0 0.0
30 32002 12 0 0.98 0.09 0.02 0.7 0.0 0.0

//Light Lord Shield (light_road.bmd)
3095 32380 1 0 0.11 0.50 0.50 0.3 0.0 0.0
3095 32380 2 0 0.23 0.50 0.50 0.3 0.0 0.0
3095 32380 3 0 0.23 0.50 0.50 0.3 0.0 0.0
3095 32380 4 0 0.23 0.50 0.50 0.3 0.0 0.0
3095 32380 5 0 0.23 0.50 0.50 0.3 0.0 0.0
3095 32380 7 0 0.23 0.50 0.50 0.1 0.0 0.0
3095 32380 8 0 0.23 0.50 0.50 0.2 0.0 0.0

//Devil Crossbow (devilcrossbow.bmd)
2074 32002 6 0 1.00 0.14 0.04 0.8 0.0 0.0
2074 32002 7 0 1.00 0.14 0.04 0.8 0.0 0.0
2074 32002 8 0 1.00 0.14 0.04 0.8 0.0 0.0
2074 32002 9 0 1.00 0.14 0.04 0.8 0.0 0.0
2074 32002 10 0 1.00 0.14 0.04 0.8 0.0 0.0
2074 32002 11 0 1.00 0.14 0.04 0.8 0.0 0.0
2074 32002 16 0 1.00 0.14 0.04 0.8 0.0 0.0
2074 32002 17 0 1.00 0.14 0.04 0.8 0.0 0.0
2074 32002 18 0 1.00 0.14 0.04 0.8 0.0 0.0
2074 32002 19 0 1.00 0.14 0.04 0.8 0.0 0.0
2074 32002 20 0 1.00 0.14 0.04 0.8 0.0 0.0
2074 32002 21 0 1.00 0.14 0.04 0.8 0.0 0.0
2074 32002 22 0 1.00 0.14 0.04 0.8 0.0 0.0
2074 32002 23 0 1.00 0.14 0.04 0.8 0.0 0.0
2074 32002 24 0 1.00 0.14 0.04 0.8 0.0 0.0
2074 32002 25 0 1.00 0.14 0.04 0.8 0.0 0.0
2074 32002 26 0 1.00 0.14 0.04 0.8 0.0 0.0
2074 32002 29 0 1.00 0.14 0.04 0.8 0.0 0.0
2074 32002 30 0 1.00 0.14 0.04 0.8 0.0 0.0
2074 32002 31 0 1.00 0.14 0.04 0.8 0.0 0.0
2074 32002 32 0 1.00 0.14 0.04 0.8 0.0 0.0
2074 32002 33 0 1.00 0.14 0.04 0.8 0.0 0.0
2074 32002 34 0 1.00 0.14 0.04 0.8 0.0 0.0
2074 32002 35 0 1.00 0.14 0.04 0.8 0.0 0.0
2074 32002 36 0 1.00 0.14 0.04 0.8 0.0 0.0
2074 32002 37 0 1.00 0.14 0.04 0.8 0.0 0.0
2074 32002 38 0 1.00 0.14 0.04 0.8 0.0 0.0
2074 32002 39 0 1.00 0.14 0.04 0.8 0.0 0.0

//Angelic Bow (bow26.bmd)
2073 32002 22 0 0.50 0.87 0.40 1.0 0.0 0.0
2073 32002 23 0 0.50 0.87 0.40 1.0 0.0 0.0
2073 32002 24 0 0.50 0.87 0.40 1.0 0.0 0.0
2073 32002 27 0 0.50 0.87 0.40 1.0 0.0 0.0
2073 32002 28 0 0.50 0.87 0.40 1.0 0.0 0.0
2073 32002 29 0 0.50 0.87 0.40 1.0 0.0 0.0
2073 32002 13 0 0.50 0.87 0.40 1.5 0.0 0.0

//Darkdevil Shield (darkdevilS.bmd)
3096 32231 1 0 1.00 1.00 1.00 0.5 0.0 0.0
3096 32231 2 0 1.00 1.00 1.00 0.5 0.0 0.0

//Miracle Staff (MiracleStaff.bmd)
2595 32002 5 0 0.13 0.19 1.00 0.5 0.0 0.0
2595 32002 6 0 0.13 0.19 1.00 0.5 0.0 0.0
2595 32002 7 0 0.13 0.19 1.00 0.5 0.0 0.0
2595 32002 10 0 0.13 0.19 1.00 0.5 0.0 0.0
2595 32002 11 0 0.13 0.19 1.00 0.5 0.0 0.0
2595 32002 12 0 0.13 0.19 1.00 0.5 0.0 0.0
2595 32002 15 0 0.13 0.19 1.00 0.5 0.0 0.0
2595 32002 16 0 0.13 0.19 1.00 0.5 0.0 0.0
2595 32002 19 0 0.13 0.19 1.00 0.5 0.0 0.0
2595 32002 20 0 0.13 0.19 1.00 0.5 0.0 0.0
2595 32002 21 0 0.13 0.19 1.00 0.5 0.0 0.0
2595 32002 8 0 1.00 0.16 0.47 0.5 0.0 0.0
2595 32002 9 0 1.00 0.16 0.47 0.5 0.0 0.0
2595 32002 17 0 1.00 0.16 0.47 0.5 0.0 0.0
2595 32002 18 0 1.00 0.16 0.47 0.5 0.0 0.0
2595 32002 26 0 1.00 0.16 0.47 1.5 0.0 0.0
2595 32002 26 0 1.00 0.16 0.47 1.5 0.0 0.0

//Spite Staff (kerberos_spear_dark_road.bmd)
2597 32002 3 0 0.99 0.23 0.13 2.0 0.0 0.0
2597 32002 4 0 0.99 0.23 0.13 0.7 0.0 0.0
2597 32002 4 0 1.00 0.75 0.66 0.2 0.0 0.0
2597 32002 4 0 1.00 0.75 0.66 0.2 0.0 0.0

//Lazy Wind Shield (CrazyWind.bmd)
3094 32002 2 0 0.43 0.52 0.94 0.7 0.0 0.0
3094 32002 3 0 0.43 0.52 0.94 0.7 0.0 0.0
3094 32002 4 0 0.43 0.52 0.94 0.7 0.0 0.0
3094 32002 5 0 0.43 0.52 0.94 0.7 0.0 0.0
3094 32002 6 0 0.43 0.52 0.94 0.7 0.0 0.0
3094 32002 7 0 0.43 0.52 0.94 0.7 0.0 0.0
3094 32002 8 0 0.43 0.52 0.94 0.7 0.0 0.0
3094 32002 9 0 0.43 0.52 0.94 0.7 0.0 0.0
3094 32002 10 0 0.43 0.52 0.94 0.7 0.0 0.0
3094 32002 11 0 0.43 0.52 0.94 0.7 0.0 0.0
3094 32002 12 0 0.43 0.52 0.94 0.7 0.0 0.0

//Magmus Peer (MagmaSpear.bmd)
1548 32002 1 0 1.00 0.18 0.00 1.0 0.0 0.0
1548 32002 2 0 1.00 0.18 0.00 1.2 0.0 0.0
1548 32002 3 0 1.00 0.18 0.00 1.4 0.0 0.0
1548 32002 4 0 1.00 0.18 0.00 1.6 0.0 0.0
1548 32002 6 0 1.00 0.18 0.00 1.6 0.0 0.0
1548 32002 7 0 1.00 0.18 0.00 1.6 0.0 0.0
1548 32002 8 0 1.00 0.18 0.00 1.0 0.0 0.0

//Horn of Steal (hornofsteel.bmd)
1044 32002 1 0 1.00 0.25 1.00 0.5 0.0 0.0
1044 32002 2 0 1.00 0.25 1.00 0.5 0.0 0.0
1044 32002 3 0 1.00 0.25 1.00 0.5 0.0 0.0
1044 32002 4 0 1.00 0.25 1.00 0.5 0.0 0.0
1044 32002 5 0 1.00 0.25 1.00 0.5 0.0 0.0
1044 32002 6 0 1.00 0.25 1.00 0.5 0.0 0.0
1044 32002 7 0 1.00 0.25 1.00 0.5 0.0 0.0
1044 32002 8 0 1.00 0.25 1.00 0.5 0.0 0.0
1044 32002 9 0 1.00 0.25 1.00 2.0 0.0 0.0

//Blast Break (blastbreak.bmd)
37 32002 3 0 0.50 0.73 1.00 0.5 0.0 0.0
37 32002 4 0 0.50 0.73 1.00 0.5 0.0 0.0
37 32002 5 0 0.50 0.73 1.00 0.5 0.0 0.0
37 32002 6 0 0.50 0.73 1.00 0.5 0.0 0.0
37 32002 7 0 0.50 0.73 1.00 0.5 0.0 0.0
37 32002 8 0 0.50 0.73 1.00 0.5 0.0 0.0
37 32002 9 0 0.50 0.73 1.00 0.5 0.0 0.0
37 32002 10 0 0.50 0.73 1.00 0.5 0.0 0.0
37 32002 11 0 0.50 0.73 1.00 0.5 0.0 0.0

//Sonic Blade-Cyclone Sword (balhalla_sword.bmd)
29 32002 1 0 1.00 0.74 0.67 0.8 0.0 0.0
29 32002 2 0 1.00 0.74 0.67 0.8 0.0 0.0
29 32002 3 0 1.00 0.74 0.67 0.8 0.0 0.0
29 32002 4 0 1.00 0.74 0.67 0.8 0.0 0.0
29 32002 5 0 1.00 0.74 0.67 0.8 0.0 0.0
29 32002 6 0 1.00 0.74 0.67 0.8 0.0 0.0
29 32002 7 0 1.00 0.74 0.67 0.8 0.0 0.0

//Summon Spirit Stick (stick32.bmd)
2592 32380 2	0 0.97	0.46	0.46 0.2  0.0	0.0
2592 32380 11 	0 0.97	0.46	0.46 0.2  0.0	0.0
2592 32380 12 	0 0.97	0.46	0.46 0.2  0.0	0.0
2592 32380 13 	0 0.97	0.46	0.46 0.2  0.0	0.0
2592 32380 14 	0 0.97	0.46	0.46 0.2  0.0	0.0
2592 32380 15 	0 0.97	0.46	0.46 0.2  0.0	0.0
2592 32380 16 	0 0.97	0.46	0.46 0.2  0.0	0.0
2592 32380 17 	0 0.97	0.46	0.46 0.2  0.0	0.0
2592 32380 18 	0 0.97	0.46	0.46 0.2  0.0	0.0
2592 32380 19 	0 0.97	0.46	0.46 0.2  0.0	0.0
2592 32380 20 	0 0.97	0.46	0.46 0.2  0.0	0.0
2592 32380 21 	0 0.97	0.46	0.46 0.2  0.0	0.0
2592 32380 22 	0 0.97	0.46	0.46 0.2  0.0	0.0
2592 32380 23 	0 0.97	0.46	0.46 0.2  0.0	0.0
2592 32380 24 	0 0.97	0.46	0.46 0.2  0.0	0.0
2592 32380 25 	0 0.97	0.46	0.46 0.2  0.0	0.0
2592 32380 26 	0 0.97	0.46	0.46 0.2  0.0	0.0
2592 32380 27 	0 0.97	0.46	0.46 0.2  0.0	0.0
2592 32380 43 	0 0.97	0.46	0.46 0.2  0.0	0.0
2592 32380 44 	0 0.97	0.46	0.46 0.2  0.0	0.0
2592 32380 45 	0 0.97	0.46	0.46 0.2  0.0	0.0
2592 32380 46 	0 0.97	0.46	0.46 0.2  0.0	0.0
2592 32380 47 	0 0.97	0.46	0.46 0.2  0.0	0.0
2592 32380 48 	0 0.97	0.46	0.46 0.2  0.0	0.0
2592 32380 49 	0 0.97	0.46	0.46 0.2  0.0	0.0
2592 32380 50 	0 0.97	0.46	0.46 0.2  0.0	0.0
2592 32380 51 	0 0.97	0.46	0.46 0.2  0.0	0.0
2592 32380 52 	0 0.97	0.46	0.46 0.2  0.0	0.0
2592 32380 53 	0 0.97	0.46	0.46 0.2  0.0	0.0
2592 32380 54 	0 0.97	0.46	0.46 0.2  0.0	0.0
2592 32380 55 	0 0.97	0.46	0.46 0.2  0.0	0.0
2592 32380 56 	0 0.97	0.46	0.46 0.2  0.0	0.0
2592 32380 57 	0 0.97	0.46	0.46 0.2  0.0	0.0
2592 32380 58 	0 0.97	0.46	0.46 0.2  0.0	0.0
2592 32380 59 	0 0.97	0.46	0.46 0.2  0.0	0.0
2592 32380 60 	0 0.97	0.46	0.46 0.2  0.0	0.0
2592 32380 61 	0 0.97	0.46	0.46 0.2  0.0	0.0
2592 32380 29 	0 0.97	0.46	0.46 0.2  0.0	0.0
2592 32380 30 	0 0.97	0.46	0.46 0.2  0.0	0.0
2592 32380 31 	0 0.97	0.46	0.46 0.2  0.0	0.0
2592 32380 32 	0 0.97	0.46	0.46 0.2  0.0	0.0
2592 32380 33 	0 0.97	0.46	0.46 0.2  0.0	0.0
2592 32380 34 	0 0.97	0.46	0.46 0.2  0.0	0.0
2592 32380 35 	0 0.97	0.46	0.46 0.2  0.0	0.0
2592 32380 36 	0 0.97	0.46	0.46 0.2  0.0	0.0
2592 32380 37 	0 0.97	0.46	0.46 0.2  0.0	0.0
2592 32380 38 	0 0.97	0.46	0.46 0.2  0.0	0.0
2592 32380 39 	0 0.97	0.46	0.46 0.2  0.0	0.0
2592 32380 40 	0 0.97	0.46	0.46 0.2  0.0	0.0
2592 32380 41 	0 0.97	0.46	0.46 0.2  0.0	0.0

//========================================================================
// WEAPONS BLESSED
//========================================================================
//Blessed Stick (absolute_stick.bmd)
2610 32002 1 0 1.00 0.23 0.07 0.6 0.0 0.0
2610 32002 2 0 1.00 0.23 0.07 0.6 0.0 0.0
2610 32002 4 0 1.00 0.23 0.07 0.6 0.0 0.0
2610 32002 5 0 1.00 0.23 0.07 0.6 0.0 0.0
2610 32002 6 0 1.00 0.23 0.07 0.6 0.0 0.0
2610 32002 7 0 1.00 0.23 0.07 0.6 0.0 0.0
2610 32002 21 0 1.00 0.23 0.07 0.6 0.0 0.0
2610 32002 22 0 1.00 0.23 0.07 0.6 0.0 0.0
2610 32002 23 0 1.00 0.23 0.07 0.6 0.0 0.0
2610 32002 8 0 0.31 0.89 1.00 0.8 0.0 0.0
2610 32002 12 0 0.31 0.89 1.00 0.8 0.0 0.0
2610 32002 13 0 0.31 0.89 1.00 0.8 0.0 0.0
2610 32002 14 0 0.31 0.89 1.00 0.8 0.0 0.0
2610 32002 15 0 0.31 0.89 1.00 0.8 0.0 0.0
2610 32002 16 0 0.31 0.89 1.00 0.8 0.0 0.0
2610 32002 17 0 0.31 0.89 1.00 0.8 0.0 0.0
2610 32002 18 0 0.31 0.89 1.00 0.8 0.0 0.0
2610 32002 24 0 1.00 1.00 1.00 2.5 0.0 0.0
2610 32002 24 0 1.00 1.00 1.00 1.5 0.0 0.0
2610 32501 24 0 0.35 0.34 1.00 1.0 0.0 0.0
2610 32140 24 0 0.35 0.34 1.00 0.6 0.0 0.0
2610 32380 24 0 0.35 0.34 1.00 1.5 0.0 0.0

//Blessed Scepter (absolute_septer.bmd)
1049 32002 4 0 0.50 0.48 0.25 0.5 0.0 0.0
1049 32002 5 0 0.50 0.48 0.25 0.5 0.0 0.0
1049 32002 6 0 0.50 0.48 0.25 0.5 0.0 0.0
1049 32002 7 0 0.50 0.48 0.25 0.5 0.0 0.0
1049 32002 8 0 0.50 0.48 0.25 0.5 0.0 0.0
1049 32002 9 0 0.50 0.48 0.25 0.5 0.0 0.0
1049 32002 10 0 0.50 0.48 0.25 0.5 0.0 0.0
1049 32002 11 0 0.50 0.48 0.25 0.5 0.0 0.0
1049 32002 12 0 0.50 0.48 0.25 0.5 0.0 0.0
1049 32002 13 0 0.50 0.48 0.25 0.5 0.0 0.0
1049 32002 14 0 0.50 0.48 0.25 0.5 0.0 0.0
1049 32002 17 0 0.50 0.48 0.25 0.5 0.0 0.0
1049 32002 16 0 0.35 0.34 1.00 0.8 0.0 0.0
1049 32002 1 0 0.35 0.34 1.00 0.8 0.0 0.0
1049 32002 18 0 0.35 0.34 1.00 1.0 0.0 0.0
1049 32002 19 0 0.35 0.34 1.00 1.0 0.0 0.0
1049 32002 20 0 0.35 0.34 1.00 1.0 0.0 0.0
1049 32002 21 0 0.35 0.34 1.00 1.0 0.0 0.0
1049 32002 22 0 0.35 0.34 1.00 1.0 0.0 0.0
1049 32002 23 0 0.35 0.34 1.00 1.0 0.0 0.0
1049 32002 73 0 1.00 1.00 1.00 0.5 0.0 0.0
1049 32002 74 0 1.00 1.00 1.00 0.5 0.0 0.0
1049 32002 24 0 1.00 1.00 1.00 1.5 0.0 0.0
1049 32114 24 0 0.19 0.18 0.78 2.0 0.0 0.0
1049 32379 24 0 1.00 1.00 1.00 1.0 0.0 0.0
1049 32379 24 0 1.00 1.00 1.00 1.0 0.0 0.0
1049 32380 24 0 1.00 1.00 1.00 1.0 0.0 0.0

//Blessed Sword (absolute02_sword.bmd)
51 32114 1 0 0.19 0.18 0.78 2.0 0.0 0.0
51 32379 1 0 1.00 1.00 1.00 0.8 0.0 0.0
51 32379 1 0 1.00 1.00 1.00 0.8 0.0 0.0
51 32380 1 0 1.00 1.00 1.00 1.0 0.0 0.0
51 32380 45 0 1.00 0.27 1.00 0.2 0.0 0.0
51 32380 46 0 1.00 0.27 1.00 0.2 0.0 0.0
51 32380 28 0 1.00 0.27 1.00 0.2 0.0 0.0
51 32380 30 0 1.00 0.27 1.00 0.2 0.0 0.0
51 32380 4 0 0.11 0.50 0.49 0.2 0.0 0.0
51 32380 5 0 0.11 0.50 0.49 0.2 0.0 0.0
51 32380 6 0 0.11 0.50 0.49 0.2 0.0 0.0
51 32380 7 0 0.11 0.50 0.49 0.2 0.0 0.0
51 32380 8 0 0.11 0.50 0.49 0.2 0.0 0.0
51 32380 9 0 0.11 0.50 0.49 0.2 0.0 0.0
51 32380 10 0 0.11 0.50 0.49 0.2 0.0 0.0
51 32380 11 0 0.11 0.50 0.49 0.2 0.0 0.0
51 32380 12 0 0.11 0.50 0.49 0.2 0.0 0.0
51 32380 13 0 0.11 0.50 0.49 0.2 0.0 0.0
51 32380 14 0 0.11 0.50 0.49 0.2 0.0 0.0
51 32380 15 0 0.11 0.50 0.49 0.2 0.0 0.0
51 32380 16 0 0.11 0.50 0.49 0.2 0.0 0.0
51 32380 17 0 0.11 0.50 0.49 0.2 0.0 0.0
51 32380 18 0 0.11 0.50 0.49 0.2 0.0 0.0
51 32380 19 0 0.11 0.50 0.49 0.2 0.0 0.0
51 32380 20 0 0.11 0.50 0.49 0.2 0.0 0.0
51 32380 21 0 0.11 0.50 0.49 0.2 0.0 0.0
51 32380 22 0 0.11 0.50 0.49 0.2 0.0 0.0
51 32380 23 0 0.11 0.50 0.49 0.2 0.0 0.0
51 32380 25 0 0.11 0.50 0.49 0.2 0.0 0.0
51 32380 26 0 0.11 0.50 0.49 0.2 0.0 0.0
51 32380 27 0 0.11 0.50 0.49 0.2 0.0 0.0
51 32380 28 0 0.11 0.50 0.49 0.2 0.0 0.0
51 32380 29 0 0.11 0.50 0.49 0.2 0.0 0.0
51 32380 30 0 0.11 0.50 0.49 0.2 0.0 0.0
51 32380 31 0 0.11 0.50 0.49 0.2 0.0 0.0
51 32380 32 0 0.11 0.50 0.49 0.2 0.0 0.0
51 32380 33 0 0.11 0.50 0.49 0.2 0.0 0.0
51 32380 34 0 0.11 0.50 0.49 0.2 0.0 0.0
51 32380 35 0 0.11 0.50 0.49 0.2 0.0 0.0
51 32380 36 0 0.11 0.50 0.49 0.2 0.0 0.0
51 32380 37 0 0.11 0.50 0.49 0.2 0.0 0.0
51 32380 38 0 0.11 0.50 0.49 0.2 0.0 0.0
51 32380 39 0 0.11 0.50 0.49 0.2 0.0 0.0
51 32380 40 0 0.11 0.50 0.49 0.2 0.0 0.0
51 32380 41 0 0.11 0.50 0.49 0.2 0.0 0.0
51 32380 42 0 0.11 0.50 0.49 0.2 0.0 0.0
51 32380 43 0 0.11 0.50 0.49 0.2 0.0 0.0
51 32380 44 0 0.11 0.50 0.49 0.2 0.0 0.0
51 32380 45 0 0.11 0.50 0.49 0.2 0.0 0.0
51 32380 46 0 0.11 0.50 0.49 0.2 0.0 0.0
51 32380 47 0 0.11 0.50 0.49 0.2 0.0 0.0
51 32380 48 0 0.11 0.50 0.49 0.2 0.0 0.0
51 32380 53 0 0.25 0.23 0.15 0.3 0.0 0.0
51 32380 54 0 0.25 0.23 0.15 0.3 0.0 0.0
51 32380 55 0 0.25 0.23 0.15 0.3 0.0 0.0
51 32380 56 0 0.25 0.23 0.15 0.3 0.0 0.0
51 32380 57 0 0.25 0.23 0.15 0.3 0.0 0.0
51 32380 58 0 0.25 0.23 0.15 0.3 0.0 0.0
51 32380 59 0 0.25 0.23 0.15 0.3 0.0 0.0
51 32380 60 0 0.25 0.23 0.15 0.3 0.0 0.0
51 32380 61 0 0.25 0.23 0.15 0.3 0.0 0.0
51 32380 62 0 0.25 0.23 0.15 0.3 0.0 0.0
51 32380 63 0 0.25 0.23 0.15 0.3 0.0 0.0
51 32380 64 0 0.25 0.23 0.15 0.3 0.0 0.0
51 32380 65 0 0.25 0.23 0.15 0.3 0.0 0.0
51 32380 66 0 0.25 0.23 0.15 0.3 0.0 0.0
51 32380 67 0 0.25 0.23 0.15 0.3 0.0 0.0
51 32380 68 0 0.25 0.23 0.15 0.3 0.0 0.0
51 32380 69 0 0.25 0.23 0.15 0.3 0.0 0.0
51 32380 70 0 0.25 0.23 0.15 0.3 0.0 0.0
51 32380 71 0 0.25 0.23 0.15 0.3 0.0 0.0
51 32380 72 0 0.25 0.23 0.15 0.3 0.0 0.0
51 32380 73 0 0.25 0.23 0.15 0.3 0.0 0.0
51 32380 74 0 0.25 0.23 0.15 0.3 0.0 0.0
51 32380 75 0 0.25 0.23 0.15 0.3 0.0 0.0
51 32380 80 0 0.25 0.23 0.15 0.3 0.0 0.0
51 32380 81 0 0.25 0.23 0.15 0.3 0.0 0.0
51 32380 82 0 0.25 0.23 0.15 0.3 0.0 0.0
51 32380 83 0 0.25 0.23 0.15 0.3 0.0 0.0
51 32380 84 0 0.25 0.23 0.15 0.3 0.0 0.0
51 32380 85 0 0.25 0.23 0.15 0.3 0.0 0.0
51 32380 86 0 0.25 0.23 0.15 0.3 0.0 0.0
51 32380 87 0 0.25 0.23 0.15 0.3 0.0 0.0
51 32380 88 0 0.25 0.23 0.15 0.3 0.0 0.0
51 32380 89 0 0.25 0.23 0.15 0.3 0.0 0.0
51 32380 90 0 0.25 0.23 0.15 0.3 0.0 0.0
51 32380 91 0 0.25 0.23 0.15 0.3 0.0 0.0
51 32380 92 0 0.25 0.23 0.15 0.3 0.0 0.0
51 32380 93 0 0.25 0.23 0.15 0.3 0.0 0.0
51 32380 94 0 0.25 0.23 0.15 0.3 0.0 0.0
51 32380 95 0 0.25 0.23 0.15 0.3 0.0 0.0
51 32380 96 0 0.25 0.23 0.15 0.3 0.0 0.0
51 32380 97 0 0.25 0.23 0.15 0.3 0.0 0.0
51 32380 98 0 0.25 0.23 0.15 0.3 0.0 0.0
51 32380 99 0 0.25 0.23 0.15 0.3 0.0 0.0
51 32380 100 0 0.25 0.23 0.15 0.3 0.0 0.0
51 32380 101 0 0.25 0.23 0.15 0.3 0.0 0.0
51 32380 102 0 0.25 0.23 0.15 0.3 0.0 0.0
51 32380 103 0 0.25 0.23 0.15 0.3 0.0 0.0
51 32380 104 0 0.25 0.23 0.15 0.3 0.0 0.0
51 32380 105 0 0.25 0.23 0.15 0.3 0.0 0.0
51 32380 106 0 0.25 0.23 0.15 0.3 0.0 0.0
51 32380 107 0 0.25 0.23 0.15 0.3 0.0 0.0
51 32380 108 0 0.25 0.23 0.15 0.3 0.0 0.0
51 32380 109 0 0.25 0.23 0.15 0.3 0.0 0.0
51 32380 110 0 0.25 0.23 0.15 0.3 0.0 0.0
51 32380 111 0 0.25 0.23 0.15 0.3 0.0 0.0
51 32380 112 0 0.25 0.23 0.15 0.3 0.0 0.0
51 32380 113 0 0.25 0.23 0.15 0.3 0.0 0.0
51 32380 114 0 0.25 0.23 0.15 0.3 0.0 0.0
51 32380 115 0 0.25 0.23 0.15 0.3 0.0 0.0
51 32380 116 0 0.25 0.23 0.15 0.3 0.0 0.0
51 32380 117 0 0.25 0.23 0.15 0.3 0.0 0.0
51 32380 118 0 0.25 0.23 0.15 0.3 0.0 0.0
51 32380 119 0 0.25 0.23 0.15 0.3 0.0 0.0
51 32380 120 0 0.25 0.23 0.15 0.3 0.0 0.0
51 32380 121 0 0.25 0.23 0.15 0.3 0.0 0.0
51 32380 122 0 0.25 0.23 0.15 0.3 0.0 0.0
51 32380 123 0 0.25 0.23 0.15 0.3 0.0 0.0
51 32380 124 0 0.25 0.23 0.15 0.3 0.0 0.0
51 32380 125 0 0.25 0.23 0.15 0.3 0.0 0.0
51 32380 126 0 0.25 0.23 0.15 0.3 0.0 0.0
51 32380 127 0 0.25 0.23 0.15 0.3 0.0 0.0
51 32380 128 0 0.25 0.23 0.15 0.3 0.0 0.0

//Blessed Staff (absolute02_staff.bmd)
2609 32002 54 0 0.49 1.00 1.00 0.5 0.0 0.0
2609 32002 55 0 0.49 1.00 1.00 0.5 0.0 0.0
2609 32002 56 0 0.49 1.00 1.00 0.5 0.0 0.0
2609 32002 57 0 0.49 1.00 1.00 0.5 0.0 0.0
2609 32002 58 0 0.49 1.00 1.00 0.5 0.0 0.0
2609 32002 59 0 0.49 1.00 1.00 0.5 0.0 0.0
2609 32002 60 0 0.49 1.00 1.00 0.5 0.0 0.0
2609 32002 61 0 0.49 1.00 1.00 0.5 0.0 0.0
2609 32002 62 0 0.49 1.00 1.00 0.5 0.0 0.0
2609 32002 63 0 0.49 1.00 1.00 0.5 0.0 0.0
2609 32002 64 0 0.49 1.00 1.00 0.5 0.0 0.0
2609 32002 65 0 0.49 1.00 1.00 0.5 0.0 0.0
2609 32002 66 0 0.49 1.00 1.00 0.5 0.0 0.0
2609 32002 67 0 0.49 1.00 1.00 0.5 0.0 0.0
2609 32002 68 0 0.49 1.00 1.00 0.5 0.0 0.0
2609 32002 69 0 0.49 1.00 1.00 0.5 0.0 0.0
2609 32002 1 0 1.00 0.30 0.91 1.5 0.0 0.0
2609 32002 18 0 0.35 0.34 1.00 0.5 0.0 0.0
2609 32002 19 0 0.35 0.34 1.00 0.5 0.0 0.0
2609 32002 20 0 0.35 0.34 1.00 0.5 0.0 0.0
2609 32002 21 0 0.35 0.34 1.00 0.5 0.0 0.0
2609 32002 22 0 0.35 0.34 1.00 0.5 0.0 0.0
2609 32002 23 0 0.35 0.34 1.00 0.5 0.0 0.0
2609 32002 24 0 0.35 0.34 1.00 0.5 0.0 0.0
2609 32002 25 0 0.35 0.34 1.00 0.5 0.0 0.0
2609 32002 26 0 0.35 0.34 1.00 0.5 0.0 0.0
2609 32002 27 0 0.35 0.34 1.00 0.5 0.0 0.0
2609 32002 28 0 0.35 0.34 1.00 0.5 0.0 0.0
2609 32002 29 0 0.35 0.34 1.00 0.5 0.0 0.0
2609 32002 30 0 0.35 0.34 1.00 0.5 0.0 0.0
2609 32002 31 0 0.35 0.34 1.00 0.5 0.0 0.0
2609 32002 32 0 0.35 0.34 1.00 0.5 0.0 0.0
2609 32002 33 0 0.35 0.34 1.00 0.5 0.0 0.0
2609 32002 34 0 0.35 0.34 1.00 0.5 0.0 0.0
2609 32002 35 0 0.35 0.34 1.00 0.5 0.0 0.0
2609 32002 36 0 0.35 0.34 1.00 0.5 0.0 0.0
2609 32002 37 0 0.35 0.34 1.00 0.5 0.0 0.0
2609 32002 38 0 0.35 0.34 1.00 0.5 0.0 0.0
2609 32002 39 0 0.35 0.34 1.00 0.5 0.0 0.0
2609 32002 40 0 0.35 0.34 1.00 0.5 0.0 0.0
2609 32002 41 0 0.35 0.34 1.00 0.5 0.0 0.0
2609 32002 42 0 0.35 0.34 1.00 0.5 0.0 0.0
2609 32002 43 0 0.35 0.34 1.00 0.5 0.0 0.0
2609 32002 44 0 0.35 0.34 1.00 0.5 0.0 0.0
2609 32002 45 0 0.35 0.34 1.00 0.5 0.0 0.0
2609 32002 3 0 1.00 0.94 0.84 0.5 0.0 0.0
2609 32002 4 0 1.00 0.94 0.84 0.5 0.0 0.0
2609 32002 5 0 1.00 0.94 0.84 0.5 0.0 0.0
2609 32002 6 0 1.00 0.94 0.84 0.5 0.0 0.0
2609 32002 7 0 1.00 0.94 0.84 0.5 0.0 0.0
2609 32002 8 0 1.00 0.94 0.84 0.5 0.0 0.0
2609 32002 9 0 1.00 0.94 0.84 0.5 0.0 0.0
2609 32002 10 0 1.00 0.94 0.84 0.5 0.0 0.0
2609 32002 11 0 1.00 0.94 0.84 0.5 0.0 0.0
2609 32002 12 0 1.00 0.94 0.84 0.5 0.0 0.0
2609 32002 13 0 1.00 0.94 0.84 0.5 0.0 0.0
2609 32002 14 0 1.00 0.94 0.84 0.5 0.0 0.0
2609 32002 15 0 1.00 0.94 0.84 0.5 0.0 0.0
2609 32002 16 0 1.00 0.94 0.84 0.5 0.0 0.0
2609 32002 17 0 1.00 0.94 0.84 0.5 0.0 0.0
2609 32002 75 0 0.99 0.99 0.43 0.5 0.0 0.0
2609 32002 79 0 0.99 0.99 0.43 0.5 0.0 0.0
2609 32002 80 0 0.99 0.99 0.43 0.5 0.0 0.0
2609 32002 82 0 0.99 0.99 0.43 0.5 0.0 0.0
2609 32002 87 0 0.99 0.99 0.43 0.5 0.0 0.0
2609 32002 88 0 0.99 0.99 0.43 0.5 0.0 0.0
2609 32002 89 0 0.99 0.99 0.43 0.5 0.0 0.0
2609 32002 76 0 0.18 0.70 1.00 0.5 0.0 0.0
2609 32002 83 0 0.18 0.70 1.00 0.5 0.0 0.0
2609 32002 85 0 0.18 0.70 1.00 0.5 0.0 0.0
2609 32002 86 0 0.18 0.70 1.00 0.5 0.0 0.0
2609 32002 77 0 1.00 0.30 0.91 0.5 0.0 0.0
2609 32002 78 0 1.00 0.30 0.91 0.5 0.0 0.0
2609 32002 84 0 1.00 0.30 0.91 0.5 0.0 0.0
2609 32002 84 0 1.00 0.30 0.91 0.5 0.0 0.0
2609 32002 90 0 1.00 0.30 0.91 0.5 0.0 0.0
2609 32002 91 0 1.00 0.30 0.91 0.5 0.0 0.0

//Blessed Crossbow
2078 32380 18 0 0.29 0.31 0.92 0.25 0.0 0.0
2078 32380 19 0 0.29 0.31 0.92 0.25 0.0 0.0
2078 32380 20 0 0.29 0.31 0.92 0.25 0.0 0.0
2078 32380 64 0 0.29 0.31 0.92 0.25 0.0 0.0
2078 32380 48 0 0.29 0.31 0.92 0.25 0.0 0.0
2078 32380 49 0 0.29 0.31 0.92 0.25 0.0 0.0
2078 32380 50 0 0.29 0.31 0.92 0.25 0.0 0.0
2078 32380 53 0 0.29 0.31 0.92 0.25 0.0 0.0
2078 32380 54 0 0.29 0.31 0.92 0.25 0.0 0.0
2078 32380 56 0 0.29 0.31 0.92 0.25 0.0 0.0
2078 32380 57 0 0.29 0.31 0.92 0.25 0.0 0.0
2078 32380 58 0 0.29 0.31 0.92 0.25 0.0 0.0
2078 32380 59 0 0.29 0.31 0.92 0.25 0.0 0.0
2078 32380 63 0 0.29 0.31 0.92 0.25 0.0 0.0
2078 32380 23 0 0.29 0.31 0.92 0.5 0.0 0.0
2078 32380 24 0 0.29 0.31 0.92 0.5 0.0 0.0
2078 32380 25 0 0.29 0.31 0.92 0.5 0.0 0.0
2078 32380 27 0 0.29 0.31 0.92 0.5 0.0 0.0
2078 32380 28 0 0.29 0.31 0.92 0.5 0.0 0.0
2078 32380 34 0 0.29 0.31 0.92 0.5 0.0 0.0
2078 32380 35 0 0.29 0.31 0.92 0.4 0.0 0.0
2078 32380 36 0 0.29 0.31 0.92 0.4 0.0 0.0
2078 32380 41 0 0.29 0.31 0.92 0.5 0.0 0.0
2078 32380 42 0 0.29 0.31 0.92 0.4 0.0 0.0
2078 32380 43 0 0.29 0.31 0.92 0.4 0.0 0.0
2078 32380 21 0 1.00 0.72 0.40 0.4 0.0 0.0
2078 32380 22 0 1.00 0.72 0.40 0.4 0.0 0.0
2078 32380 26 0 1.00 0.72 0.40 0.4 0.0 0.0
2078 32380 33 0 1.00 0.72 0.40 0.4 0.0 0.0
2078 32380 40 0 1.00 0.72 0.40 0.4 0.0 0.0
2078 32380 51 0 1.00 0.72 0.40 0.4 0.0 0.0
2078 32380 52 0 1.00 0.72 0.40 0.4 0.0 0.0
2078 32380 55 0 1.00 0.72 0.40 0.4 0.0 0.0
2078 32271 62 0 1.00 0.25 1.00 0.8 0.0 0.0
2078 32002 62 0 1.00 0.47 1.00 0.5 0.0 0.0
2078 32380 62 0 0.29 0.31 0.92 0.8 0.0 0.0

//========================================================================
// WEAPONS BLOODANGEL
//========================================================================
//Bloodangel Stick (bloodangelstick01.bmd)
2603 32002 4 0 1.00 0.24 0.17 0.8 0.0 0.0
2603 32002 2 0 1.00 0.24 0.17 1.0 0.0 0.0
2603 32002 3 0 1.00 0.24 0.17 1.2 0.0 0.0
2603 32002 6 0 1.00 0.24 0.17 1.1 0.0 0.0
2603 32002 7 0 1.00 0.24 0.17 0.9 0.0 0.0
2603 32002 8 0 1.00 0.24 0.17 0.7 0.0 0.0

//Bloodangel Bow (bloodangel_bow.bmd)
2076 32231 37 0 1.00 1.00 1.00 0.8 0.0 0.0
2076 32002 37 0 0.91 0.25 0.15 2.5 0.0 0.0
2076 32002 37 0 0.91 0.25 0.15 2.5 0.0 0.0

//Bloodangel Scepter (booldangel_sapter.bmd)
1046 32002 3 0 0.90 0.06 0.00 1.0 0.0 0.0
1046 32231 2 0 1.00 1.00 1.00 1.0 0.0 0.0
1046 32002 2 0 0.91 0.25 0.15 3.0 0.0 0.0
1046 32002 2 0 0.91 0.25 0.15 3.0 0.0 0.0

//Bloodangel Magic Sword (blood_anglesword.bmd)
44 32002 3 0 0.90 0.06 0.00 0.8 0.0 0.0
44 32002 5 0 0.90 0.06 0.00 0.8 0.0 0.0
44 32002 1 0 0.90 0.06 0.00 0.5 0.0 0.0
44 32002 2 0 0.90 0.06 0.00 0.5 0.0 0.0
44 32002 4 0 0.90 0.06 0.00 0.5 0.0 0.0
44 32002 6 0 0.90 0.06 0.00 0.5 0.0 0.0
44 32231 7 0 1.00 1.00 1.00 1.0 0.0 0.0

//Bloodangel Sword (blood_angelsword_s.bmd)
42 32002 1 0 0.91 0.25 0.15 0.8 0.0 0.0
42 32002 2 0 0.91 0.25 0.15 0.8 0.0 0.0
42 32231 3 0 1.00 1.00 1.00 1.0 0.0 0.0

//Bloodangel Staff (bloodangelstaff01.bmd)
2601 32002 1 0 1.00 0.29 0.19 2.0 0.0 0.0
2601 32002 2 0 1.00 0.29 0.19 1.0 0.0 0.0
2601 32002 3 0 1.00 0.29 0.19 1.0 0.0 0.0
2601 32114 4 0 1.00 0.29 0.19 0.5 0.0 0.0
2601 32114 2 0 1.00 0.29 0.19 0.5 0.0 0.0
2601 32114 3 0 1.00 0.29 0.19 0.5 0.0 0.0
2601 32118 1 0 1.00 0.29 0.19 1.0 0.0 0.0

//========================================================================
// WEAPONS DARKANGEL
//========================================================================
//Darkangel Magic Sword (DarkangelMagicsword.bmd)
53 32002 2 0 1.00 0.33 0.94 1.0 0.0 0.0
53 32002 3 0 1.00 0.33 0.94 1.0 0.0 0.0
53 32002 4 0 1.00 0.33 0.94 1.8 0.0 0.0
53 32002 5 0 1.00 0.33 0.94 1.0 0.0 0.0
53 32002 6 0 1.00 0.33 0.94 1.0 0.0 0.0
53 32002 7 0 1.00 0.33 0.94 1.0 0.0 0.0
53 32501 4 0 0.64 0.26 1.00 0.8 0.0 0.0

//Darkangel Sword (DarkangelSword.bmd)
52 32002 3 0 1.00 0.33 0.94 0.5 0.0 0.0
52 32002 4 0 1.00 0.33 0.94 0.8 0.0 0.0
52 32002 5 0 1.00 0.33 0.94 0.8 0.0 0.0
52 32002 6 0 1.00 0.33 0.94 0.5 0.0 0.0
52 32002 7 0 1.00 0.33 0.94 0.5 0.0 0.0
52 32002 8 0 1.00 0.33 0.94 0.5 0.0 0.0
52 32002 9 0 1.00 0.33 0.94 0.5 0.0 0.0
52 32002 10 0 1.00 0.33 0.94 0.5 0.0 0.0
52 32002 11 0 1.00 0.33 0.94 0.5 0.0 0.0
52 32002 12 0 1.00 0.33 0.94 0.5 0.0 0.0
52 32002 13 0 1.00 0.33 0.94 0.5 0.0 0.0
52 32002 14 0 1.00 0.33 0.94 0.5 0.0 0.0
52 32002 15 0 1.00 0.33 0.94 0.5 0.0 0.0
52 32002 16 0 1.00 0.33 0.94 0.5 0.0 0.0
52 32002 17 0 1.00 0.33 0.94 0.8 0.0 0.0
52 32002 18 0 1.00 0.33 0.94 0.5 0.0 0.0
52 32002 19 0 1.00 0.33 0.94 0.5 0.0 0.0
52 32002 20 0 1.00 0.33 0.94 0.5 0.0 0.0
52 32002 22 0 1.00 0.33 0.94 0.8 0.0 0.0
52 32002 23 0 1.00 0.33 0.94 0.5 0.0 0.0
52 32002 24 0 1.00 0.33 0.94 0.5 0.0 0.0
52 32002 25 0 1.00 0.33 0.94 0.8 0.0 0.0
52 32002 26 0 1.00 0.33 0.94 0.8 0.0 0.0
52 32002 27 0 1.00 0.33 0.94 0.8 0.0 0.0
52 32002 28 0 1.00 0.33 0.94 0.8 0.0 0.0
52 32002 29 0 1.00 0.33 0.94 0.5 0.0 0.0
52 32002 30 0 1.00 0.33 0.94 0.8 0.0 0.0
52 32002 31 0 1.00 0.33 0.94 0.8 0.0 0.0
52 32002 32 0 1.00 0.33 0.94 0.8 0.0 0.0
52 32002 33 0 1.00 0.33 0.94 0.8 0.0 0.0
52 32002 34 0 1.00 0.33 0.94 0.5 0.0 0.0
52 32002 35 0 1.00 0.33 0.94 0.3 0.0 0.0
52 32002 36 0 1.00 0.33 0.94 0.3 0.0 0.0
52 32002 37 0 1.00 0.33 0.94 0.3 0.0 0.0
52 32002 38 0 1.00 0.33 0.94 0.3 0.0 0.0
52 32002 39 0 1.00 0.33 0.94 0.3 0.0 0.0
52 32002 40 0 1.00 0.33 0.94 0.3 0.0 0.0

//Darkangel Staff (Darkangel_Staff.bmd)
2611 32002 1 0 1.00 0.33 0.94 0.5 0.0 0.0
2611 32002 2 0 1.00 0.33 0.94 0.5 0.0 0.0
2611 32002 3 0 1.00 0.33 0.94 2.0 0.0 0.0
2611 32002 4 0 1.00 0.33 0.94 2.0 0.0 0.0
2611 32002 5 0 1.00 0.33 0.94 0.5 0.0 0.0
2611 32002 6 0 1.00 0.33 0.94 0.5 0.0 0.0
2611 32002 7 0 1.00 0.33 0.94 0.5 0.0 0.0
2611 32002 8 0 1.00 0.33 0.94 0.5 0.0 0.0
2611 32002 9 0 1.00 0.33 0.94 2.0 0.0 0.0
2611 32002 10 0 1.00 0.33 0.94 2.0 0.0 0.0
2611 32002 11 0 1.00 0.33 0.94 1.0 0.0 0.0
2611 32381 9 0 0.42 0.80 1.00 0.3 0.0 0.0
2611 32373 9 0 0.42 0.80 1.00 0.15 0.0 0.0
2611 32280 9 0 1.00 0.33 0.94 0.15 0.0 0.0

//Darkangel Stick (DarkangelStick.bmd)
2613 32002 1 0 1.00 0.33 0.94 0.5 0.0 0.0
2613 32002 2 0 1.00 0.33 0.94 0.5 0.0 0.0
2613 32002 3 0 1.00 0.33 0.94 0.5 0.0 0.0
2613 32002 4 0 1.00 0.33 0.94 0.5 0.0 0.0
2613 32002 5 0 1.00 0.33 0.94 0.5 0.0 0.0
2613 32002 6 0 1.00 0.33 0.94 0.5 0.0 0.0
2613 32002 7 0 1.00 0.33 0.94 0.5 0.0 0.0
2613 32002 8 0 1.00 0.33 0.94 0.5 0.0 0.0
2613 32002 9 0 1.00 0.33 0.94 0.5 0.0 0.0
2613 32002 10 0 1.00 0.33 0.94 0.5 0.0 0.0
2613 32002 11 0 1.00 0.33 0.94 0.5 0.0 0.0
2613 32002 12 0 1.00 0.33 0.94 0.5 0.0 0.0
2613 32002 13 0 1.00 0.33 0.94 0.5 0.0 0.0
2613 32002 14 0 1.00 0.33 0.94 0.5 0.0 0.0
2613 32002 15 0 1.00 0.33 0.94 0.5 0.0 0.0
2613 32002 16 0 1.00 0.33 0.94 0.5 0.0 0.0
2613 32002 17 0 1.00 0.33 0.94 0.5 0.0 0.0
2613 32002 18 0 1.00 0.33 0.94 0.5 0.0 0.0
2613 32002 19 0 1.00 0.33 0.94 0.5 0.0 0.0
2613 32002 20 0 1.00 0.33 0.94 0.5 0.0 0.0
2613 32002 21 0 1.00 0.33 0.94 0.5 0.0 0.0
2613 32002 22 0 1.00 0.33 0.94 0.5 0.0 0.0
2613 32002 23 0 1.00 0.33 0.94 0.5 0.0 0.0
2613 32002 24 0 1.00 0.33 0.94 0.5 0.0 0.0
2613 32002 25 0 1.00 0.33 0.94 0.5 0.0 0.0
2613 32002 26 0 1.00 0.33 0.94 0.5 0.0 0.0
2613 32002 27 0 1.00 0.33 0.94 0.5 0.0 0.0
2613 32002 28 0 1.00 0.33 0.94 0.5 0.0 0.0
2613 32002 29 0 1.00 0.33 0.94 0.5 0.0 0.0
2613 32002 30 0 1.00 0.33 0.94 0.5 0.0 0.0
2613 32002 31 0 1.00 0.33 0.94 0.5 0.0 0.0
2613 32002 32 0 1.00 0.33 0.94 0.5 0.0 0.0
2613 32002 33 0 1.00 0.33 0.94 0.5 0.0 0.0
2613 32002 34 0 1.00 0.33 0.94 0.5 0.0 0.0
2613 32002 35 0 1.00 0.33 0.94 0.5 0.0 0.0
2613 32002 36 0 1.00 0.33 0.94 0.5 0.0 0.0
2613 32002 37 0 1.00 0.33 0.94 0.5 0.0 0.0
2613 32002 38 0 1.00 0.33 0.94 0.5 0.0 0.0
2613 32002 39 0 1.00 0.33 0.94 0.5 0.0 0.0
2613 32002 40 0 1.00 0.33 0.94 0.5 0.0 0.0
2613 32002 41 0 1.00 0.33 0.94 0.5 0.0 0.0
2613 32002 42 0 1.00 0.33 0.94 0.5 0.0 0.0
2613 32002 43 0 1.00 0.33 0.94 0.5 0.0 0.0
2613 32002 44 0 1.00 0.33 0.94 0.5 0.0 0.0
2613 32501 5 0 0.64 0.26 1.00 0.5 0.0 0.0
2613 32501 10 0 0.64 0.26 1.00 0.5 0.0 0.0
2613 32501 16 0 0.64 0.26 1.00 0.5 0.0 0.0
2613 32501 21 0 0.64 0.26 1.00 0.5 0.0 0.0
2613 32501 27 0 0.64 0.26 1.00 0.5 0.0 0.0
2613 32501 32 0 0.64 0.26 1.00 0.5 0.0 0.0
2613 32501 38 0 0.64 0.26 1.00 0.5 0.0 0.0

//Darkangel Bow (Darkangel_Bow.bmd)
2079 32119 7 0 1.00 0.33 0.94 0.5 0.0 0.0
2079 32119 8 0 1.00 0.33 0.94 0.5 0.0 0.0
2079 32119 9 0 1.00 0.33 0.94 0.5 0.0 0.0
2079 32119 10 0 1.00 0.33 0.94 0.5 0.0 0.0
2079 32119 11 0 1.00 0.33 0.94 0.5 0.0 0.0
2079 32119 12 0 1.00 0.33 0.94 0.5 0.0 0.0
2079 32119 13 0 1.00 0.33 0.94 0.5 0.0 0.0
2079 32119 14 0 1.00 0.33 0.94 0.5 0.0 0.0
2079 32501 21 0 0.64 0.26 1.00 0.7 0.0 0.0
2079 32002 21 0 1.00 0.33 0.94 2.0 0.0 0.0
2079 32002 21 0 1.00 0.33 0.94 2.0 0.0 0.0

//Darkangel Scepter (Darkangel_Scepter.bmd)
1050 32002 21 0 1.00 0.33 0.94 2.5 0.0 0.0
1050 32501 21 0 0.64 0.26 1.00 0.8 0.0 0.0
1050 32002 22 0 1.00 0.33 0.94 1.0 0.0 0.0
1050 32002 23 0 1.00 0.33 0.94 1.0 0.0 0.0
1050 32002 25 0 1.00 0.33 0.94 0.5 0.0 0.0
1050 32002 26 0 1.00 0.33 0.94 0.5 0.0 0.0
1050 32002 27 0 1.00 0.33 0.94 0.5 0.0 0.0
1050 32002 28 0 1.00 0.33 0.94 0.5 0.0 0.0
1050 32119 29 0 1.00 0.33 0.94 0.9 0.0 0.0

//========================================================================
// WEAPONS HOLYANGEL
//========================================================================
//HolyAngel Bow (HolyAngelBow.bmd)
2080 32002 2 0 0.00 0.68 1.00 2.0 0.0 0.0
2080 32002 4 0 0.00 0.68 1.00 2.0 0.0 0.0
2080 32002 5 0 0.00 0.68 1.00 2.0 0.0 0.0
2080 32002 7 0 0.00 0.68 1.00 2.0 0.0 0.0
2080 32002 12 0 0.00 0.68 1.00 2.0 0.0 0.0
2080 32002 17 0 0.00 0.68 1.00 2.0 0.0 0.0
2080 32501 2 0 1.00 1.00 1.00 0.5 0.0 0.0
2080 32501 4 0 1.00 1.00 1.00 0.5 0.0 0.0
2080 32501 5 0 1.00 1.00 1.00 0.5 0.0 0.0
2080 32501 7 0 1.00 1.00 1.00 0.5 0.0 0.0

//HolyAngel Staff (HolyAngelStaff.bmd)
1051 32002 6 0 0.00 0.38 1.00 1.0 0.0 0.0
1051 32002 2 0 0.00 0.38 1.00 1.0 0.0 0.0
1051 32002 10 0 0.00 0.38 1.00 1.0 0.0 0.0
1051 32002 8 0 0.00 0.38 1.00 1.0 0.0 0.0
1051 32002 3 0 0.00 0.38 1.00 0.5 0.0 0.0
1051 32002 7 0 0.00 0.38 1.00 0.5 0.0 0.0
1051 32002 5 0 0.00 0.38 1.00 1.0 0.0 0.0

//HolyAngel Stick (HolyAngelStick.bmd)
2614 32002 2 0 0.00 0.38 1.00 1.0 0.0 0.0
2614 32002 3 0 0.00 0.38 1.00 1.0 0.0 0.0
2614 32002 4 0 0.00 0.38 1.00 1.0 0.0 0.0
2614 32002 5 0 0.00 0.38 1.00 1.0 0.0 0.0
2614 32002 6 0 0.00 0.38 1.00 1.0 0.0 0.0
2614 32002 7 0 0.00 0.38 1.00 1.0 0.0 0.0
2614 32002 8 0 0.00 0.38 1.00 1.0 0.0 0.0
2614 32002 9 0 0.00 0.38 1.00 1.0 0.0 0.0
2614 32002 2 0 1.00 1.00 1.00 0.5 0.0 0.0

//HolyAngel Staff (HolyAngelStaff.bmd)
2612 32002 6 0 0.00 0.38 1.00 1.0 0.0 0.0
2612 32002 2 0 0.00 0.38 1.00 1.0 0.0 0.0
2612 32002 10 0 0.00 0.38 1.00 1.0 0.0 0.0
2612 32002 8 0 0.00 0.38 1.00 1.0 0.0 0.0
2612 32002 3 0 0.00 0.38 1.00 0.5 0.0 0.0
2612 32002 7 0 0.00 0.38 1.00 0.5 0.0 0.0
2612 32002 5 0 0.00 0.38 1.00 1.0 0.0 0.0

//HolyAngel Magic Sword (HolyAngelMagicSword.bmd)
56 32002 1 0 0.00 0.68 1.00 1.0 0.0 0.0
56 32002 2 0 0.00 0.68 1.00 1.0 0.0 0.0
56 32002 3 0 0.00 0.68 1.00 1.0 0.0 0.0
56 32002 4 0 0.00 0.68 1.00 1.0 0.0 0.0
56 32002 5 0 0.00 0.68 1.00 1.0 0.0 0.0
56 32002 14 0 0.00 0.68 1.00 1.0 0.0 0.0
56 32002 15 0 0.00 0.68 1.00 1.0 0.0 0.0
56 32002 16 0 0.00 0.68 1.00 1.0 0.0 0.0
56 32002 6 0 0.00 0.68 1.00 1.0 0.0 0.0
56 32002 7 0 0.00 0.68 1.00 1.0 0.0 0.0
56 32002 8 0 0.00 0.68 1.00 1.0 0.0 0.0
56 32002 9 0 0.00 0.68 1.00 1.0 0.0 0.0
56 32002 10 0 0.00 0.68 1.00 1.0 0.0 0.0
56 32002 11 0 0.00 0.68 1.00 1.0 0.0 0.0
56 32002 12 0 0.00 0.68 1.00 1.0 0.0 0.0
56 32002 13 0 0.00 0.68 1.00 1.0 0.0 0.0
56 32002 20 0 0.00 0.68 1.00 0.5 0.0 0.0
56 32002 17 0 0.00 0.68 1.00 1.0 0.0 0.0
56 32002 18 0 0.00 0.68 1.00 1.0 0.0 0.0

//HolyAngel Sword (HolyAngelSword.bmd)
55 32002 1 0 0.00 0.19 0.50 0.5 0.0 0.0
55 32002 2 0 0.00 0.19 0.50 0.5 0.0 0.0
55 32002 3 0 0.00 0.19 0.50 0.5 0.0 0.0
55 32002 4 0 0.00 0.19 0.50 0.5 0.0 0.0
55 32292 5 0 0.70 0.91 1.00 0.2 0.0 0.0
55 32292 6 0 0.70 0.91 1.00 0.2 0.0 0.0
55 32292 7 0 0.70 0.91 1.00 0.2 0.0 0.0
55 32292 8 0 0.70 0.91 1.00 0.2 0.0 0.0
55 32292 9 0 0.70 0.91 1.00 0.2 0.0 0.0
55 32292 10 0 0.70 0.91 1.00 0.2 0.0 0.0
55 32292 11 0 0.70 0.91 1.00 0.2 0.0 0.0
55 32292 12 0 0.70 0.91 1.00 0.2 0.0 0.0
55 32292 13 0 0.70 0.91 1.00 0.2 0.0 0.0
55 32292 14 0 0.70 0.91 1.00 0.2 0.0 0.0
55 32292 15 0 0.70 0.91 1.00 0.2 0.0 0.0
55 32292 16 0 0.70 0.91 1.00 0.2 0.0 0.0
55 32292 17 0 0.70 0.91 1.00 0.2 0.0 0.0
55 32292 18 0 0.70 0.91 1.00 0.2 0.0 0.0
55 32292 19 0 0.70 0.91 1.00 0.2 0.0 0.0
55 32292 20 0 0.70 0.91 1.00 0.2 0.0 0.0
55 32292 21 0 0.70 0.91 1.00 0.2 0.0 0.0
55 32292 22 0 0.70 0.91 1.00 0.2 0.0 0.0
55 32292 23 0 0.70 0.91 1.00 0.2 0.0 0.0
55 32292 24 0 0.70 0.91 1.00 0.2 0.0 0.0
55 32292 25 0 0.70 0.91 1.00 0.2 0.0 0.0
55 32292 26 0 0.70 0.91 1.00 0.2 0.0 0.0
55 32292 27 0 0.70 0.91 1.00 0.2 0.0 0.0
55 32292 28 0 0.70 0.91 1.00 0.2 0.0 0.0
55 32292 29 0 0.70 0.91 1.00 0.2 0.0 0.0
55 32292 30 0 0.70 0.91 1.00 0.2 0.0 0.0
55 32292 31 0 0.70 0.91 1.00 0.2 0.0 0.0
55 32292 32 0 0.70 0.91 1.00 0.2 0.0 0.0
55 32292 33 0 0.70 0.91 1.00 0.2 0.0 0.0
55 32292 34 0 0.70 0.91 1.00 0.2 0.0 0.0
55 32292 35 0 0.70 0.91 1.00 0.2 0.0 0.0
55 32292 36 0 0.70 0.91 1.00 0.2 0.0 0.0
55 32292 37 0 0.70 0.91 1.00 0.2 0.0 0.0
55 32292 38 0 0.70 0.91 1.00 0.2 0.0 0.0
55 32292 39 0 0.70 0.91 1.00 0.2 0.0 0.0
55 32292 40 0 0.70 0.91 1.00 0.2 0.0 0.0
55 32292 41 0 0.70 0.91 1.00 0.2 0.0 0.0
55 32292 42 0 0.70 0.91 1.00 0.2 0.0 0.0
55 32292 43 0 0.70 0.91 1.00 0.2 0.0 0.0
55 32292 44 0 0.70 0.91 1.00 0.2 0.0 0.0
55 32292 45 0 0.70 0.91 1.00 0.2 0.0 0.0
55 32292 46 0 0.70 0.91 1.00 0.2 0.0 0.0
55 32292 47 0 0.70 0.91 1.00 0.2 0.0 0.0
55 32292 48 0 0.70 0.91 1.00 0.2 0.0 0.0
55 32292 49 0 0.70 0.91 1.00 0.2 0.0 0.0
55 32292 50 0 0.70 0.91 1.00 0.2 0.0 0.0
55 32292 51 0 0.70 0.91 1.00 0.2 0.0 0.0
55 32292 52 0 0.70 0.91 1.00 0.2 0.0 0.0
55 32292 53 0 0.70 0.91 1.00 0.2 0.0 0.0
55 32292 54 0 0.70 0.91 1.00 0.2 0.0 0.0
55 32292 55 0 0.70 0.91 1.00 0.2 0.0 0.0
55 32292 56 0 0.70 0.91 1.00 0.2 0.0 0.0
55 32292 57 0 0.70 0.91 1.00 0.2 0.0 0.0
55 32292 58 0 0.70 0.91 1.00 0.2 0.0 0.0
55 32292 59 0 0.70 0.91 1.00 0.2 0.0 0.0
55 32380 5 0 0.00 0.19 0.50 0.2 0.0 0.0
55 32380 6 0 0.00 0.19 0.50 0.2 0.0 0.0
55 32380 7 0 0.00 0.19 0.50 0.2 0.0 0.0
55 32380 8 0 0.00 0.19 0.50 0.2 0.0 0.0
55 32380 9 0 0.00 0.19 0.50 0.2 0.0 0.0
55 32380 10 0 0.00 0.19 0.50 0.2 0.0 0.0
55 32380 11 0 0.00 0.19 0.50 0.2 0.0 0.0
55 32380 12 0 0.00 0.19 0.50 0.2 0.0 0.0
55 32380 13 0 0.00 0.19 0.50 0.2 0.0 0.0
55 32380 14 0 0.00 0.19 0.50 0.2 0.0 0.0
55 32380 15 0 0.00 0.19 0.50 0.2 0.0 0.0
55 32380 16 0 0.00 0.19 0.50 0.2 0.0 0.0
55 32380 17 0 0.00 0.19 0.50 0.2 0.0 0.0
55 32380 18 0 0.00 0.19 0.50 0.2 0.0 0.0
55 32380 19 0 0.00 0.19 0.50 0.2 0.0 0.0
55 32380 20 0 0.00 0.19 0.50 0.2 0.0 0.0
55 32380 21 0 0.00 0.19 0.50 0.2 0.0 0.0
55 32380 22 0 0.00 0.19 0.50 0.2 0.0 0.0
55 32380 23 0 0.00 0.19 0.50 0.2 0.0 0.0
55 32380 24 0 0.00 0.19 0.50 0.2 0.0 0.0
55 32380 25 0 0.00 0.19 0.50 0.2 0.0 0.0
55 32380 26 0 0.00 0.19 0.50 0.2 0.0 0.0
55 32380 27 0 0.00 0.19 0.50 0.2 0.0 0.0
55 32380 28 0 0.00 0.19 0.50 0.2 0.0 0.0
55 32380 29 0 0.00 0.19 0.50 0.2 0.0 0.0
55 32380 30 0 0.00 0.19 0.50 0.2 0.0 0.0
55 32380 31 0 0.00 0.19 0.50 0.2 0.0 0.0
55 32380 32 0 0.00 0.19 0.50 0.2 0.0 0.0
55 32380 33 0 0.00 0.19 0.50 0.2 0.0 0.0
55 32380 34 0 0.00 0.19 0.50 0.2 0.0 0.0
55 32380 35 0 0.00 0.19 0.50 0.2 0.0 0.0
55 32380 36 0 0.00 0.19 0.50 0.2 0.0 0.0
55 32380 37 0 0.00 0.19 0.50 0.2 0.0 0.0
55 32380 38 0 0.00 0.19 0.50 0.2 0.0 0.0
55 32380 39 0 0.00 0.19 0.50 0.2 0.0 0.0
55 32380 40 0 0.00 0.19 0.50 0.2 0.0 0.0
55 32380 41 0 0.00 0.19 0.50 0.2 0.0 0.0
55 32380 42 0 0.00 0.19 0.50 0.2 0.0 0.0
55 32380 43 0 0.00 0.19 0.50 0.2 0.0 0.0
55 32380 44 0 0.00 0.19 0.50 0.2 0.0 0.0
55 32380 45 0 0.00 0.19 0.50 0.2 0.0 0.0
55 32380 46 0 0.00 0.19 0.50 0.2 0.0 0.0
55 32380 47 0 0.00 0.19 0.50 0.2 0.0 0.0
55 32380 48 0 0.00 0.19 0.50 0.2 0.0 0.0
55 32380 49 0 0.00 0.19 0.50 0.2 0.0 0.0
55 32380 50 0 0.00 0.19 0.50 0.2 0.0 0.0
55 32380 51 0 0.00 0.19 0.50 0.2 0.0 0.0
55 32380 52 0 0.00 0.19 0.50 0.2 0.0 0.0
55 32380 53 0 0.00 0.19 0.50 0.2 0.0 0.0
55 32380 54 0 0.00 0.19 0.50 0.2 0.0 0.0
55 32380 55 0 0.00 0.19 0.50 0.2 0.0 0.0
55 32380 56 0 0.00 0.19 0.50 0.2 0.0 0.0
55 32380 57 0 0.00 0.19 0.50 0.2 0.0 0.0
55 32380 58 0 0.00 0.19 0.50 0.2 0.0 0.0
55 32380 59 0 0.00 0.19 0.50 0.2 0.0 0.0

//========================================================================
// WEAPONS AWAKENING SOUL
//========================================================================
//Awakening Magic Sword (SoulmagicSword.bmd)
59 32002 1 0 1.00 0.28 0.16 0.5 0.0 0.0
59 32002 2 0 1.00 0.28 0.16 0.5 0.0 0.0
59 32002 3 0 1.00 0.28 0.16 0.5 0.0 0.0
59 32002 4 0 1.00 0.28 0.16 0.5 0.0 0.0
59 32002 5 0 1.00 0.28 0.16 0.5 0.0 0.0
59 32002 6 0 1.00 0.28 0.16 0.5 0.0 0.0
59 32002 7 0 1.00 0.28 0.16 0.5 0.0 0.0
59 32002 8 0 1.00 0.28 0.16 0.5 0.0 0.0
59 32002 9 0 1.00 0.28 0.16 0.5 0.0 0.0
59 32002 10 0 1.00 0.28 0.16 0.5 0.0 0.0
59 32002 11 0 0.72 0.02 0.01 0.8 0.0 0.0
59 32002 12 0 0.72 0.02 0.01 0.9 0.0 0.0
59 32002 13 0 0.72 0.02 0.01 1.0 0.0 0.0
59 32002 14 0 0.72 0.02 0.01 1.1 0.0 0.0
59 32002 15 0 0.72 0.02 0.01 1.2 0.0 0.0
59 32002 16 0 0.72 0.02 0.01 1.3 0.0 0.0
59 32002 17 0 0.72 0.02 0.01 1.3 0.0 0.0
59 32002 18 0 0.72 0.02 0.01 1.3 0.0 0.0
59 32002 19 0 0.72 0.02 0.01 1.3 0.0 0.0
59 32002 20 0 0.72 0.02 0.01 1.3 0.0 0.0
59 32002 21 0 0.72 0.02 0.01 1.3 0.0 0.0
59 32002 22 0 0.72 0.02 0.01 1.3 0.0 0.0
59 32002 23 0 0.72 0.02 0.01 1.3 0.0 0.0
59 32002 24 0 0.72 0.02 0.01 1.3 0.0 0.0
59 32002 25 0 0.72 0.02 0.01 1.3 0.0 0.0
59 32002 26 0 0.72 0.02 0.01 1.3 0.0 0.0
59 32002 27 0 0.72 0.02 0.01 1.3 0.0 0.0

//Awakening Scepter (seoulRoad_septer.bmd)
1052 32002 2 0 1.00 1.00 1.00 1.0 0.0 0.0
1052 32002 2 0 1.00 0.02 0.01 2.0 0.0 0.0
1052 32002 2 0 1.00 0.02 0.01 2.0 0.0 0.0
1052 32002 2 0 1.00 0.85 0.36 0.1 0.0 0.0
1052 32002 5 0 0.50 0.50 0.50 0.5 0.0 0.0
1052 32002 7 0 0.50 0.50 0.50 0.5 0.0 0.0
1052 32002 8 0 1.00 1.00 1.00 0.25 0.0 0.0
1052 32002 11 0 1.00 1.00 1.00 0.25 0.0 0.0
1052 32002 21 0 1.00 1.00 1.00 0.25 0.0 0.0
1052 32002 22 0 1.00 1.00 1.00 0.25 0.0 0.0
1052 32002 23 0 1.00 1.00 1.00 0.25 0.0 0.0
1052 32002 9 0 1.00 1.00 1.00 0.5 0.0 0.0
1052 32002 10 0 1.00 1.00 1.00 0.5 0.0 0.0
1052 32002 12 0 1.00 1.00 1.00 0.5 0.0 0.0
1052 32002 13 0 1.00 1.00 1.00 0.5 0.0 0.0
1052 32002 14 0 1.00 1.00 1.00 0.5 0.0 0.0
1052 32002 15 0 1.00 1.00 1.00 0.5 0.0 0.0
1052 32002 16 0 1.00 1.00 1.00 0.5 0.0 0.0

//Awakening Bow (hs_soularcherbow_s.bmd)
2081 32002  8 0 0.72 0.02 0.01 0.8 0.0 0.0
2081 32002  9 0 0.72 0.02 0.01 1.0 0.0 0.0
2081 32002 18 0 0.72 0.02 0.01 1.0 0.0 0.0
2081 32002 49 0 0.72 0.02 0.01 1.0 0.0 0.0
2081 32002 50 0 0.72 0.02 0.01 1.0 0.0 0.0
2081 32002 51 0 0.72 0.02 0.01 1.0 0.0 0.0
2081 32002 52 0 0.72 0.02 0.01 1.0 0.0 0.0
2081 32002 53 0 0.72 0.02 0.01 1.0 0.0 0.0
2081 32002 54 0 0.72 0.02 0.01 1.0 0.0 0.0
2081 32002 62 0 0.72 0.02 0.01 0.5 0.0 0.0
2081 32002 26 0 0.72 0.02 0.01 0.5 0.0 0.0
2081 32002 27 0 0.72 0.02 0.01 1.0 0.0 0.0
2081 32002 36 0 0.72 0.02 0.01 1.0 0.0 0.0
2081 32002 55 0 0.72 0.02 0.01 1.0 0.0 0.0
2081 32002 56 0 0.72 0.02 0.01 1.0 0.0 0.0
2081 32002 57 0 0.72 0.02 0.01 1.0 0.0 0.0
2081 32002 58 0 0.72 0.02 0.01 1.0 0.0 0.0
2081 32002 59 0 0.72 0.02 0.01 1.0 0.0 0.0
2081 32002 60 0 0.72 0.02 0.01 1.0 0.0 0.0
2081 32002 61 0 0.72 0.02 0.01 1.0 0.0 0.0
2081 32002 63 0 0.72 0.02 0.01 0.5 0.0 0.0
2081 32002 16 0 0.72 0.02 0.01 1.5 0.0 0.0
2081 32002 17 0 0.72 0.02 0.01 1.5 0.0 0.0
2081 32002 28 0 0.72 0.02 0.01 1.5 0.0 0.0
2081 32002 29 0 0.72 0.02 0.01 1.5 0.0 0.0
2081 32002 19 0 1.00 0.95 0.73 1.3 0.0 0.0
2081 32002 19 0 1.00 0.95 0.73 0.5 0.0 0.0
2081 32002 37 0 1.00 0.95 0.73 1.3 0.0 0.0
2081 32002 37 0 1.00 0.95 0.73 0.5 0.0 0.0
2081 32002 10 0 1.00 0.28 0.16 0.5 0.0 0.0
2081 32002 11 0 1.00 0.28 0.16 0.5 0.0 0.0
2081 32002 12 0 1.00 0.28 0.16 0.5 0.0 0.0
2081 32002 13 0 1.00 0.28 0.16 0.5 0.0 0.0
2081 32002 14 0 1.00 0.28 0.16 0.5 0.0 0.0
2081 32002 15 0 1.00 0.28 0.16 0.5 0.0 0.0
2081 32002 30 0 1.00 0.28 0.16 0.5 0.0 0.0
2081 32002 31 0 1.00 0.28 0.16 0.5 0.0 0.0
2081 32002 32 0 1.00 0.28 0.16 0.5 0.0 0.0
2081 32002 33 0 1.00 0.28 0.16 0.5 0.0 0.0
2081 32002 34 0 1.00 0.28 0.16 0.5 0.0 0.0
2081 32002 35 0 1.00 0.28 0.16 0.5 0.0 0.0

//Awakening Staff (sd_SoulWizardStaff01_max7.bmd)
2615 32002 2 0 0.50 0.50 0.50 0.8 0.0 0.0
2615 32002 2 0 0.89 0.47 0.27 1.5 0.0 0.0
2615 32002 2 0 0.89 0.47 0.27 1.5 0.0 0.0
2615 32002 2 0 1.00 0.92 0.53 0.45 0.0 0.0
2615 32002 3 0 0.99 0.50 0.25 1.0 0.0 0.0
2615 32002 3 0 0.99 0.50 0.25 0.2 0.0 0.0
2615 32002 4 0 0.99 0.50 0.25 1.0 0.0 0.0
2615 32002 4 0 0.99 0.50 0.25 0.2 0.0 0.0
2615 32002 5 0 0.99 0.50 0.25 0.2 0.0 0.0
2615 32002 5 0 0.99 0.50 0.25 0.2 0.0 0.0
2615 32002 6 0 0.99 0.50 0.25 0.2 0.0 0.0
2615 32002 6 0 0.99 0.50 0.25 0.2 0.0 0.0
2615 32002 7 0 0.99 0.50 0.25 0.2 0.0 0.0
2615 32002 7 0 0.99 0.50 0.25 0.2 0.0 0.0
2615 32002 8 0 0.99 0.50 0.25 0.2 0.0 0.0
2615 32002 8 0 0.99 0.50 0.25 0.2 0.0 0.0
2615 32002 9  0 1.00 0.27 0.00 0.8 0.0 0.0
2615 32002 10 0 1.00 0.27 0.00 0.8 0.0 0.0
2615 32002 11 0 1.00 0.27 0.00 0.5 0.0 0.0
2615 32002 11 0 1.00 0.27 0.00 0.25 0.0 0.0
2615 32002 12 0 1.00 0.27 0.00 0.5 0.0 0.0
2615 32002 12 0 1.00 0.27 0.00 0.25 0.0 0.0

//Awakening Stick (sd_soulsummoner.bmd)
2616 32002 9 0 0.72 0.02 0.01 0.8 0.0 0.0
2616 32002 10 0 0.72 0.02 0.01 0.8 0.0 0.0
2616 32002 11 0 0.72 0.02 0.01 0.8 0.0 0.0
2616 32002 12 0 0.72 0.02 0.01 0.8 0.0 0.0
2616 32002 13 0 0.72 0.02 0.01 0.8 0.0 0.0
2616 32002 14 0 0.72 0.02 0.01 0.8 0.0 0.0
2616 32002 15 0 0.72 0.02 0.01 0.8 0.0 0.0
2616 32002 16 0 0.72 0.02 0.01 0.8 0.0 0.0
2616 32002 20 0 0.72 0.02 0.01 0.8 0.0 0.0
2616 32002 21 0 0.72 0.02 0.01 0.8 0.0 0.0
2616 32002 24 0 0.72 0.02 0.01 0.8 0.0 0.0
2616 32002 25 0 0.72 0.02 0.01 0.8 0.0 0.0
2616 32002 26 0 0.72 0.02 0.01 0.8 0.0 0.0
2616 32002 27 0 0.72 0.02 0.01 0.8 0.0 0.0
2616 32002 22 0 1.00 1.00 1.00 0.8 0.0 0.0
2616 32002 22 0 0.14 0.14 1.00 0.5 0.0 0.0

//========================================================================
// WEAPONS BLUE EYE
//========================================================================
//Blue Eye Bow
2082 32002 14 0 0.079999998 0.15000001 0.60000002 2.0999999 0.0 0.0
2082 32002 6 0 0.079999998 0.15000001 0.60000002 2.0999999 0.0 0.0
2082 32002 7 0 0.079999998 0.15000001 0.60000002 1.8 0.0 0.0
2082 32002 8 0 0.079999998 0.15000001 0.60000002 1.8 0.0 0.0
2082 32002 15 0 0.079999998 0.15000001 0.60000002 1.8 0.0 0.0
2082 32002 16 0 0.079999998 0.15000001 0.60000002 1.8 0.0 0.0
2082 32002 9 0 0.079999998 0.15000001 0.60000002 0.69999999 0.0 0.0
2082 32002 10 0 0.079999998 0.15000001 0.60000002 0.69999999 0.0 0.0
2082 32002 18 0 0.079999998 0.15000001 0.60000002 0.69999999 0.0 0.0
2082 32002 18 0 0.079999998 0.15000001 0.60000002 0.69999999 0.0 0.0
2082 32002 30 0 0.079999998 0.15000001 0.60000002 2.3 0.0 0.0
2082 32002 31 0 0.079999998 0.15000001 0.60000002 1.0 0.0 0.0
2082 32002 32 0 0.079999998 0.15000001 0.60000002 1.0 0.0 0.0
2082 32002 33 0 0.079999998 0.15000001 0.60000002 1.0 0.0 0.0
2082 32002 34 0 0.079999998 0.15000001 0.60000002 1.0 0.0 0.0
2082 32002 21 0 0.079999998 0.15000001 0.60000002 1.5 0.0 0.0
2082 32002 22 0 0.079999998 0.15000001 0.60000002 1.5 0.0 0.0
2082 32501 30 0 0.06274509803 0.30980392156 1.0 0.325 0.0 0.0
2082 32002 30 0 0.0 0.17647058823 0.68235294117 1.3 0.0 0.0
2082 32501 31 0 0.0 0.07843137254 0.13921568627 0.30000001 0.0 0.0
2082 32501 32 0 0.0 0.07843137254 0.13921568627 0.30000001 0.0 0.0
2082 32501 33 0 0.0 0.07843137254 0.13921568627 0.30000001 0.0 0.0
2082 32501 34 0 0.0 0.07843137254 0.13921568627 0.30000001 0.0 0.0

//Blue Eye Magic Sword
70 32002 1 0 0.18000001 0.1 0.94999999 0.40000001 0.0 0.0
70 32002 6 0 0.18000001 0.1 0.94999999 0.69999999 0.0 0.0
70 32002 7  0 0.18000001 0.1 0.94999999 1.0 0.0 0.0
70 32002 8  0 0.18000001 0.1 0.94999999 1.0 0.0 0.0
70 32002 9  0 0.18000001 0.1 0.94999999 1.0 0.0 0.0
70 32002 10 0 0.18000001 0.1 0.94999999 1.0 0.0 0.0
70 32002 11 0 0.18000001 0.1 0.94999999 1.0 0.0 0.0
70 32002 12 0 0.18000001 0.1 0.94999999 1.0 0.0 0.0
70 32002 14 0 0.18000001 0.1 0.94999999 1.0 0.0 0.0
70 32501 14 0 0.06274509803 0.30980392156 1.0 0.125 0.0 0.0
70 32002 14 0 0.0 0.17647058823 0.68235294117 0.5 0.0 0.0
70 32501 15 0 0.06274509803 0.30980392156 1.0 0.125 0.0 0.0
70 32002 15 0 0.0 0.17647058823 0.68235294117 0.5 0.0 0.0
70 32501 16 0 0.06274509803 0.30980392156 1.0 0.125 0.0 0.0
70 32002 16 0 0.0 0.17647058823 0.68235294117 0.5 0.0 0.0
70 32501 17 0 0.06274509803 0.30980392156 1.0 0.125 0.0 0.0
70 32002 17 0 0.0 0.17647058823 0.68235294117 0.5 0.0 0.0
70 32501 18 0 0.06274509803 0.30980392156 1.0 0.125 0.0 0.0
70 32002 18 0 0.0 0.17647058823 0.68235294117 0.5 0.0 0.0
70 32501 4 0 0.06274509803 0.30980392156 1.0 0.125 0.0 0.0
70 32002 4 0 0.0 0.17647058823 0.68235294117 0.5 0.0 0.0
70 32501 5 0 0.06274509803 0.30980392156 1.0 0.125 0.0 0.0
70 32002 5 0 0.0 0.17647058823 0.68235294117 0.5 0.0 0.0

//Blue Eye Staff
2617 32131 11 0 0.18000001 0.1 0.94999999 0.5 0.0 0.0
2617 32131 12 0 0.18000001 0.1 0.94999999 0.5 0.0 0.0
2617 32131 13 0 0.18000001 0.1 0.94999999 0.5 0.0 0.0
2617 32131 14 0 0.18000001 0.1 0.94999999 0.5 0.0 0.0
2617 32131 15 0 0.18000001 0.1 0.94999999 0.5 0.0 0.0
2617 32131 16 0 0.18000001 0.1 0.94999999 0.5 0.0 0.0
2617 32131 17 0 0.18000001 0.1 0.94999999 0.5 0.0 0.0
2617 32131 19 0 0.18000001 0.1 0.94999999 0.5 0.0 0.0
2617 32131 22 0 0.18000001 0.1 0.94999999 0.5 0.0 0.0
2617 32131 25 0 0.18000001 0.1 0.94999999 0.5 0.0 0.0
2617 32131 10 0 0.18000001 0.1 0.94999999 0.5 0.0 0.0
2617 32229 21 0 1.0 1.0 1.0 0.89999998 0.0 0.0
2617 32364 21 0 1.0 1.0 1.0 0.20999999 0.0 0.0
2617 32501 23 0 0.06274509803 0.30980392156 1.0 0.125 0.0 0.0
2617 32002 23 0 0.0 0.17647058823 0.68235294117 0.5 0.0 0.0
2617 32501 24 0 0.06274509803 0.30980392156 1.0 0.125 0.0 0.0
2617 32002 24 0 0.0 0.17647058823 0.68235294117 0.5 0.0 0.0
2617 32501 21 0 0.06274509803 0.30980392156 1.0 0.45 0.0 0.0
2617 32002 21 0 0.0 0.17647058823 0.68235294117 1.8 0.0 0.0

//Blue Eye Scepter
1053 32229 18 0 1.0 1.0 1.0 0.2 0.0 0.0
1053 32229 19 0 1.0 1.0 1.0 0.2 0.0 0.0
1053 32229 6 0 1.0 1.0 1.0 0.2 0.0 0.0
1053 32229 9 0 1.0 1.0 1.0 0.2 0.0 0.0
1053 32229 12 0 1.0 1.0 1.0 0.2 0.0 0.0
1053 32229 15 0 1.0 1.0 1.0 0.2 0.0 0.0
1053 32501 6  0 0.0 0.07843137254 0.13921568627 0.3374999925 0.0 0.0
1053 32501 9  0 0.0 0.07843137254 0.13921568627 0.3374999925 0.0 0.0
1053 32501 12 0 0.0 0.07843137254 0.13921568627 0.3374999925 0.0 0.0
1053 32501 15 0 0.0 0.07843137254 0.13921568627 0.3374999925 0.0 0.0
1053 32002 6  0 0.0 0.07843137254 0.13921568627 0.674999985 0.0 0.0
1053 32002 9  0 0.0 0.07843137254 0.13921568627 0.674999985 0.0 0.0
1053 32002 12 0 0.0 0.07843137254 0.13921568627 0.674999985 0.0 0.0
1053 32002 15 0 0.0 0.07843137254 0.13921568627 0.674999985 0.0 0.0
1053 32229 18 0 0.68000001 0.1 0.44999999 0.44999999 0.0 0.0
1053 32229 19 0 0.68000001 0.1 0.44999999 0.44999999 0.0 0.0
1053 32131 20 0 0.18000001 0.1 0.94999999 0.80000001 0.0 0.0
1053 32131 5  0 0.18000001 0.1 0.94999999 4.5 0.0 0.0

//Blue Eye Stick
2618 32002 12 0 0.1 0.2 0.69999999 1.0 0.0 0.0
2618 32002 6  0 0.1 0.2 0.69999999 1.0 0.0 0.0
2618 32002 4  0 0.1 0.2 0.69999999 1.0 0.0 0.0
2618 32002 9  0 0.1 0.2 0.69999999 1.0 0.0 0.0
2618 32002 7  0 0.1 0.2 0.69999999 1.2 0.0 0.0
2618 32002 8  0 0.1 0.2 0.69999999 1.2 0.0 0.0
2618 32002 1  0 0.1 0.2 0.69999999 1.8 0.0 0.0
2618 32002 10  0 0.1 0.2 0.69999999 1.8 0.0 0.0
2618 32002 8  0 0.1 0.2 0.69999999 1.8 0.0 0.0
2618 32002 2  0 0.1 0.2 0.69999999 1.8 0.0 0.0
2618 32002 4  0 0.1 0.2 0.69999999 2.4000001 0.0 0.0
2618 32002 4  0 0.1 0.2 0.69999999 2.4000001 0.0 0.0
2618 32501 3 0 0.06274509803 0.30980392156 1.0 0.25 0.0 0.0
2618 32002 3 0 0.0 0.17647058823 0.68235294117 1.0 0.0 0.0

//Blue Eye Sword
69 32002 4 0 0.18000001 0.1 0.94999999 1.8 0.0 0.0
69 32002 4 0 0.18000001 0.1 0.94999999 1.1 0.0 0.0
69 32002 5 0 0.18000001 0.1 0.94999999 1.1 0.0 0.0
69 32002 6 0 0.18000001 0.1 0.94999999 1.1 0.0 0.0
69 32002 7 0 0.18000001 0.1 0.94999999 1.1 0.0 0.0
69 32002 9 0 0.18000001 0.1 0.94999999 1.1 0.0 0.0
69 32002 10 0 0.18000001 0.1 0.94999999 1.0 0.0 0.0
69 32002 11 0 0.18000001 0.1 0.94999999 0.60000002 0.0 0.0
69 32501 12 0 0.06274509803 0.30980392156 1.0 0.125 0.0 0.0
69 32002 12 0 0.0 0.17647058823 0.68235294117 0.5 0.0 0.0
69 32501 2 0 0.06274509803 0.30980392156 1.0 0.125 0.0 0.0
69 32002 2 0 0.0 0.17647058823 0.68235294117 0.5 0.0 0.0
69 32501 13 0 0.06274509803 0.30980392156 1.0 0.25 0.0 0.0
69 32002 13 0 0.0 0.17647058823 0.68235294117 1.0 0.0 0.0
69 32501 13 0 0.06274509803 0.30980392156 1.0 0.25 0.0 0.0
69 32002 13 0 0.0 0.17647058823 0.68235294117 1.0 0.0 0.0

//========================================================================
// WING LEVEL 4
//========================================================================
//BK WINGS
6413 32231 7 0 0.30 0.30 0.30 0.7 0.0 0.0
6413 32231 8 0 0.30 0.30 0.30 0.7 0.0 0.0
6413 32231 9 0 0.30 0.30 0.30 0.7 0.0 0.0
6413 32231 77 0 0.30 0.30 0.30 0.7 0.0 0.0
6413 32231 78 0 0.30 0.30 0.30 0.7 0.0 0.0
6413 32231 79 0 0.30 0.30 0.30 0.7 0.0 0.0
6413 32231 11 0 1.00 1.00 1.00 0.9 0.0 0.0
6413 32231 12 0 1.00 1.00 1.00 0.7 0.0 0.0
6413 32231 81 0 1.00 1.00 1.00 0.9 0.0 0.0
6413 32231 82 0 1.00 1.00 1.00 0.7 0.0 0.0
6413 32231 17 0 0.30 0.30 0.30 0.7 0.0 0.0
6413 32231 87 0 0.30 0.30 0.30 0.7 0.0 0.0
6413 32231 22 0 0.30 0.30 0.30 0.7 0.0 0.0
6413 32231 23 0 0.30 0.30 0.30 0.7 0.0 0.0
6413 32231 24 0 0.30 0.30 0.30 0.7 0.0 0.0
6413 32231 25 0 0.30 0.30 0.30 0.5 0.0 0.0
6413 32231 92 0 0.30 0.30 0.30 0.7 0.0 0.0
6413 32231 93 0 0.30 0.30 0.30 0.7 0.0 0.0
6413 32231 94 0 0.30 0.30 0.30 0.7 0.0 0.0
6413 32231 95 0 0.30 0.30 0.30 0.5 0.0 0.0
6413 32231 30 0 0.30 0.30 0.30 0.5 0.0 0.0
6413 32231 31 0 0.30 0.30 0.30 0.7 0.0 0.0
6413 32231 32 0 0.30 0.30 0.30 0.7 0.0 0.0
6413 32231 33 0 0.30 0.30 0.30 0.7 0.0 0.0
6413 32231 34 0 0.30 0.30 0.30 0.7 0.0 0.0
6413 32231 35 0 0.30 0.30 0.30 0.7 0.0 0.0
6413 32231 36 0 0.30 0.30 0.30 0.7 0.0 0.0
6413 32231 37 0 0.30 0.30 0.30 0.7 0.0 0.0
6413 32231 38 0 0.30 0.30 0.30 0.7 0.0 0.0
6413 32231 100 0 0.30 0.30 0.30 0.5 0.0 0.0
6413 32231 101 0 0.30 0.30 0.30 0.7 0.0 0.0
6413 32231 102 0 0.30 0.30 0.30 0.7 0.0 0.0
6413 32231 103 0 0.30 0.30 0.30 0.7 0.0 0.0
6413 32231 104 0 0.30 0.30 0.30 0.7 0.0 0.0
6413 32231 105 0 0.30 0.30 0.30 0.7 0.0 0.0
6413 32231 106 0 0.30 0.30 0.30 0.7 0.0 0.0
6413 32231 107 0 0.30 0.30 0.30 0.7 0.0 0.0
6413 32231 108 0 0.30 0.30 0.30 0.7 0.0 0.0
6413 32231 45 0 0.30 0.30 0.30 0.35 0.0 0.0
6413 32231 46 0 0.30 0.30 0.30 0.35 0.0 0.0
6413 32231 47 0 0.30 0.30 0.30 0.35 0.0 0.0
6413 32231 53 0 0.30 0.30 0.30 0.35 0.0 0.0
6413 32231 54 0 0.30 0.30 0.30 0.35 0.0 0.0
6413 32231 55 0 0.30 0.30 0.30 0.35 0.0 0.0
6413 32231 56 0 0.30 0.30 0.30 0.35 0.0 0.0
6413 32231 60 0 0.30 0.30 0.30 0.35 0.0 0.0
6413 32231 61 0 0.30 0.30 0.30 0.35 0.0 0.0
6413 32231 62 0 0.30 0.30 0.30 0.35 0.0 0.0
6413 32231 66 0 0.30 0.30 0.30 0.35 0.0 0.0
6413 32231 67 0 0.30 0.30 0.30 0.35 0.0 0.0
6413 32231 68 0 0.30 0.30 0.30 0.35 0.0 0.0
6413 32231 115 0 0.30 0.30 0.30 0.35 0.0 0.0
6413 32231 116 0 0.30 0.30 0.30 0.35 0.0 0.0
6413 32231 117 0 0.30 0.30 0.30 0.35 0.0 0.0
6413 32231 123 0 0.30 0.30 0.30 0.35 0.0 0.0
6413 32231 124 0 0.30 0.30 0.30 0.35 0.0 0.0
6413 32231 125 0 0.30 0.30 0.30 0.35 0.0 0.0
6413 32231 118 0 0.30 0.30 0.30 0.35 0.0 0.0
6413 32231 130 0 0.30 0.30 0.30 0.35 0.0 0.0
6413 32231 131 0 0.30 0.30 0.30 0.35 0.0 0.0
6413 32231 132 0 0.30 0.30 0.30 0.35 0.0 0.0
6413 32231 136 0 0.30 0.30 0.30 0.35 0.0 0.0
6413 32231 137 0 0.30 0.30 0.30 0.35 0.0 0.0
6413 32231 138 0 0.30 0.30 0.30 0.35 0.0 0.0

//SM WINGS
6412 32380 6 0 0.98 0.93 0.62 0.5 0.0 0.0
6412 32380 9 0 0.98 0.93 0.62 0.5 0.0 0.0
6412 32380 15 0 0.98 0.93 0.62 0.5 0.0 0.0
6412 32380 17 0 0.98 0.93 0.62 0.5 0.0 0.0
6412 32380 21 0 0.98 0.93 0.62 0.5 0.0 0.0
6412 32380 22 0 0.98 0.93 0.62 0.5 0.0 0.0
6412 32380 29 0 0.98 0.93 0.62 0.5 0.0 0.0
6412 32380 32 0 0.98 0.93 0.62 0.5 0.0 0.0
6412 32380 34 0 0.98 0.93 0.62 0.5 0.0 0.0
6412 32380 40 0 0.98 0.93 0.62 0.5 0.0 0.0
6412 32380 41 0 0.98 0.93 0.62 0.5 0.0 0.0
6412 32380 45 0 0.98 0.93 0.62 0.5 0.0 0.0
6412 32002 13 0 1.00 0.72 0.25 2.0 0.0 0.0
6412 32002 14 0 1.00 0.72 0.25 1.0 0.0 0.0
6412 32002 16 0 1.00 0.72 0.25 2.0 0.0 0.0
6412 32002 23 0 1.00 0.72 0.25 2.0 0.0 0.0
6412 32002 33 0 1.00 0.72 0.25 2.0 0.0 0.0
6412 32002 38 0 1.00 0.72 0.25 1.0 0.0 0.0
6412 32002 39 0 1.00 0.72 0.25 2.0 0.0 0.0
6412 32002 46 0 1.00 0.72 0.25 2.0 0.0 0.0
6412 32501 10 0 0.14 0.14 1.00 0.5 0.0 0.0
6412 32501 12 0 0.14 0.14 1.00 0.5 0.0 0.0
6412 32501 35 0 0.14 0.14 1.00 0.5 0.0 0.0
6412 32501 37 0 0.14 0.14 1.00 0.5 0.0 0.0

//ELF WINGS
6414 32002 9 0 1.00 0.70 0.20 1.0 0.0 0.0
6414 32002 23 0 1.00 0.70 0.20 1.0 0.0 0.0
6414 32002 65 0 1.00 0.70 0.20 1.0 0.0 0.0
6414 32002 93 0 1.00 0.70 0.20 1.0 0.0 0.0
6414 32002 38 0 1.00 0.70 0.20 0.7 0.0 0.0
6414 32002 80 0 1.00 0.70 0.20 0.7 0.0 0.0
6414 32002 62 0 1.00 0.70 0.20 0.4 0.0 0.0
6414 32002 6 0 1.00 0.70 0.20 0.4 0.0 0.0
6414 32002 9 0 1.00 0.70 0.20 0.6 0.0 0.0
6414 32002 23 0 1.00 0.70 0.20 0.6 0.0 0.0
6414 32002 65 0 1.00 0.70 0.20 0.6 0.0 0.0
6414 32002 93 0 1.00 0.70 0.20 0.6 0.0 0.0
6414 32002 38 0 1.00 0.70 0.20 0.6 0.0 0.0
6414 32002 80 0 1.00 0.70 0.20 0.6 0.0 0.0
6414 32380 7 0 0.20 0.20 1.00 0.6 0.0 0.0
6414 32380 8 0 0.20 0.20 1.00 0.6 0.0 0.0
6414 32380 13 0 0.20 0.20 1.00 0.5 0.0 0.0
6414 32380 14 0 0.20 0.20 1.00 0.5 0.0 0.0
6414 32380 15 0 0.20 0.20 1.00 0.5 0.0 0.0
6414 32380 16 0 0.20 0.20 1.00 0.5 0.0 0.0
6414 32380 63 0 0.20 0.20 1.00 0.6 0.0 0.0
6414 32380 64 0 0.20 0.20 1.00 0.5 0.0 0.0
6414 32380 69 0 0.20 0.20 1.00 0.5 0.0 0.0
6414 32380 70 0 0.20 0.20 1.00 0.5 0.0 0.0
6414 32380 71 0 0.20 0.20 1.00 0.5 0.0 0.0
6414 32380 72 0 0.20 0.20 1.00 0.5 0.0 0.0
6414 32380 24 0 0.20 0.20 1.00 0.8 0.0 0.0
6414 32380 26 0 0.20 0.20 1.00 0.3 0.0 0.0
6414 32380 27 0 0.20 0.20 1.00 0.5 0.0 0.0 
6414 32002 39 0 0.20 0.20 1.00 0.6 0.0 0.0
6414 32380 36 0 0.20 0.20 1.00 0.6 0.0 0.0
6414 32002 79 0 0.20 0.20 1.00 0.6 0.0 0.0
6414 32380 77 0 0.20 0.20 1.00 0.6 0.0 0.0
6414 32380 89 0 0.20 0.20 1.00 0.8 0.0 0.0
6414 32380 91 0 0.20 0.20 1.00 0.3 0.0 0.0
6414 32380 92 0 0.20 0.20 1.00 0.5 0.0 0.0
6414 32002 42 0 1.00 0.20 1.00 0.6 0.0 0.0
6414 32002 43 0 1.00 0.20 1.00 0.6 0.0 0.0
6414 32002 44 0 1.00 0.20 1.00 0.6 0.0 0.0
6414 32002 45 0 1.00 0.20 1.00 0.6 0.0 0.0
6414 32002 46 0 1.00 0.20 1.00 0.6 0.0 0.0
6414 32002 47 0 1.00 0.20 1.00 0.6 0.0 0.0
6414 32002 48 0 1.00 0.20 1.00 0.6 0.0 0.0
6414 32002 49 0 1.00 0.20 1.00 0.6 0.0 0.0
6414 32002 50 0 1.00 0.20 1.00 0.6 0.0 0.0
6414 32002 51 0 1.00 0.20 1.00 0.6 0.0 0.0
6414 32002 52 0 1.00 0.20 1.00 0.6 0.0 0.0
6414 32002 53 0 1.00 0.20 1.00 0.6 0.0 0.0
6414 32002 54 0 1.00 0.20 1.00 0.6 0.0 0.0 
6414 32002 98 0 1.00 0.20 1.00 0.6 0.0 0.0
6414 32002 99 0 1.00 0.20 1.00 0.6 0.0 0.0
6414 32002 100 0 1.00 0.20 1.00 0.6 0.0 0.0
6414 32002 101 0 1.00 0.20 1.00 0.6 0.0 0.0
6414 32002 102 0 1.00 0.20 1.00 0.6 0.0 0.0
6414 32002 103 0 1.00 0.20 1.00 0.6 0.0 0.0
6414 32002 104 0 1.00 0.20 1.00 0.6 0.0 0.0
6414 32002 105 0 1.00 0.20 1.00 0.6 0.0 0.0
6414 32002 106 0 1.00 0.20 1.00 0.6 0.0 0.0
6414 32002 107 0 1.00 0.20 1.00 0.6 0.0 0.0
6414 32002 108 0 1.00 0.20 1.00 0.6 0.0 0.0
6414 32002 109 0 1.00 0.20 1.00 0.6 0.0 0.0
6414 32002 110 0 1.00 0.20 1.00 0.6 0.0 0.0
6414 32501 23 0 1.00 0.70 0.20 0.4 0.0 0.0
6414 32501 38 0 1.00 0.70 0.20 0.25 0.0 0.0
6414 32501 9 0 1.00 0.70 0.20 0.2 0.0 0.0
6414 32501 65 0 1.00 0.70 0.20 0.2 0.0 0.0
6414 32501 80 0 1.00 0.70 0.20 0.25 0.0 0.0
6414 32501 93 0 1.00 0.70 0.20 0.4 0.0 0.0

//MG WINGS
6415 32501 4 0 1.00 0.72 0.25 0.3 0.0 0.0
6415 32501 12 0 1.00 0.72 0.25 0.3 0.0 0.0
6415 32501 20 0 1.00 0.72 0.25 0.3 0.0 0.0
6415 32501 28 0 1.00 0.72 0.25 0.3 0.0 0.0
6415 32501 36 0 1.00 0.72 0.25 0.3 0.0 0.0
6415 32501 44 0 1.00 0.72 0.25 0.3 0.0 0.0
6415 32501 52 0 1.00 0.72 0.25 0.3 0.0 0.0
6415 32501 60 0 1.00 0.72 0.25 0.3 0.0 0.0
6415 32002 4 0 1.00 0.72 0.25 0.8 0.0 0.0
6415 32002 12 0 1.00 0.72 0.25 0.8 0.0 0.0
6415 32002 20 0 1.00 0.72 0.25 0.8 0.0 0.0
6415 32002 28 0 1.00 0.72 0.25 0.8 0.0 0.0
6415 32002 36 0 1.00 0.72 0.25 0.8 0.0 0.0
6415 32002 44 0 1.00 0.72 0.25 0.8 0.0 0.0
6415 32002 52 0 1.00 0.72 0.25 0.8 0.0 0.0
6415 32002 60 0 1.00 0.72 0.25 0.8 0.0 0.0
6415 32002 9 0 0.10 0.33 1.00 1.5 0.0 0.0
6415 32002 17 0 0.10 0.33 1.00 1.5 0.0 0.0
6415 32002 25 0 0.10 0.33 1.00 1.5 0.0 0.0
6415 32002 33 0 0.10 0.33 1.00 1.5 0.0 0.0
6415 32002 41 0 0.10 0.33 1.00 1.5 0.0 0.0
6415 32002 49 0 0.10 0.33 1.00 1.5 0.0 0.0
6415 32002 57 0 0.10 0.33 1.00 1.5 0.0 0.0
6415 32002 65 0 0.10 0.33 1.00 1.5 0.0 0.0
6415 32002 9 0 0.10 0.33 1.00 1.5 0.0 0.0
6415 32002 17 0 0.05 0.12 0.50 1.0 0.0 0.0
6415 32002 25 0 0.05 0.12 0.50 1.0 0.0 0.0
6415 32002 33 0 0.05 0.12 0.50 1.0 0.0 0.0
6415 32002 41 0 0.05 0.12 0.50 1.0 0.0 0.0
6415 32002 49 0 0.05 0.12 0.50 1.0 0.0 0.0
6415 32002 57 0 0.05 0.12 0.50 1.0 0.0 0.0
6415 32002 65 0 0.05 0.12 0.50 1.0 0.0 0.0
6415 32002 72 0 0.16 0.69 1.00 0.5 0.0 0.0
6415 32002 79 0 0.16 0.69 1.00 0.5 0.0 0.0
6415 32002 4 0 1.00 0.72 0.25 0.8 0.0 0.0
6415 32002 12 0 1.00 0.72 0.25 0.8 0.0 0.0
6415 32002 20 0 1.00 0.72 0.25 0.8 0.0 0.0
6415 32002 28 0 1.00 0.72 0.25 0.8 0.0 0.0
6415 32002 36 0 1.00 0.72 0.25 0.8 0.0 0.0
6415 32002 44 0 1.00 0.72 0.25 0.8 0.0 0.0
6415 32002 52 0 1.00 0.72 0.25 0.8 0.0 0.0
6415 32002 60 0 1.00 0.72 0.25 0.8 0.0 0.0
6415 32002 9 0 0.10 0.33 1.00 1.5 0.0 0.0
6415 32002 17 0 0.10 0.33 1.00 1.5 0.0 0.0
6415 32002 25 0 0.10 0.33 1.00 1.5 0.0 0.0
6415 32002 33 0 0.10 0.33 1.00 1.5 0.0 0.0
6415 32002 41 0 0.10 0.33 1.00 1.5 0.0 0.0
6415 32002 49 0 0.10 0.33 1.00 1.5 0.0 0.0
6415 32002 57 0 0.10 0.33 1.00 1.5 0.0 0.0
6415 32002 65 0 0.10 0.33 1.00 1.5 0.0 0.0
6415 32002 9 0 0.10 0.33 1.00 1.5 0.0 0.0
6415 32002 17 0 0.05 0.12 0.50 1.0 0.0 0.0
6415 32002 25 0 0.05 0.12 0.50 1.0 0.0 0.0
6415 32002 33 0 0.05 0.12 0.50 1.0 0.0 0.0
6415 32002 41 0 0.05 0.12 0.50 1.0 0.0 0.0
6415 32002 49 0 0.05 0.12 0.50 1.0 0.0 0.0
6415 32002 57 0 0.05 0.12 0.50 1.0 0.0 0.0
6415 32002 65 0 0.05 0.12 0.50 1.0 0.0 0.0
6415 32002 72 0 0.16 0.69 1.00 0.5 0.0 0.0
6415 32002 79 0 0.16 0.69 1.00 0.5 0.0 0.0

//DL CLOAK
6416 32002 25 0 0.85 0.82 1.0 0.5 0.0 0.0
6416 32002 26 0 0.85 0.82 1.0 0.5 0.0 0.0
6416 32002 27 0 0.85 0.82 1.0 0.5 0.0 0.0
6416 32002 28 0 0.85 0.82 1.0 0.5 0.0 0.0
6416 32002 29 0 0.85 0.82 1.0 0.5 0.0 0.0
6416 32002 30 0 0.85 0.82 1.0 0.5 0.0 0.0
6416 32002 31 0 0.85 0.82 1.0 0.5 0.0 0.0
6416 32002 32 0 0.85 0.82 1.0 0.5 0.0 0.0
6416 32002 33 0 1.00 0.95 0.49 1.0 0.0 0.0
6416 32002 34 0 1.00 0.95 0.49 1.0 0.0 0.0
6416 32002 35 0 1.00 0.95 0.49 1.0 0.0 0.0
6416 32002 35 0 0.85 0.82 1.0 0.5 0.0 0.0

//SUM WINGS
6417 32380 6  0 0.36 0.09 0.13 0.25 0.0 0.0
6417 32380 7  0 0.36 0.09 0.13 0.25 0.0 0.0
6417 32380 8  0 0.36 0.09 0.13 0.25 0.0 0.0
6417 32380 9  0 0.36 0.09 0.13 0.25 0.0 0.0
6417 32380 10 0 0.36 0.09 0.13 0.25 0.0 0.0
6417 32380 11 0 0.36 0.09 0.13 0.25 0.0 0.0
6417 32380 12 0 0.36 0.09 0.13 0.25 0.0 0.0
6417 32380 13 0 0.36 0.09 0.13 0.25 0.0 0.0
6417 32380 14 0 0.36 0.09 0.13 0.2 0.0 0.0
6417 32380 15 0 0.36 0.09 0.13 0.15 0.0 0.0
6417 32380 16 0 0.36 0.09 0.13 0.1 0.0 0.0
6417 32380 17 0 0.36 0.09 0.13 0.05 0.0 0.0
6417 32380 98  0 0.36 0.09 0.13 0.05 0.0 0.0
6417 32380 99  0 0.36 0.09 0.13 0.1 0.0 0.0
6417 32380 100 0 0.36 0.09 0.13 0.15 0.0 0.0
6417 32380 101 0 0.36 0.09 0.13 0.2 0.0 0.0
6417 32380 102 0 0.36 0.09 0.13 0.25 0.0 0.0
6417 32380 103 0 0.36 0.09 0.13 0.25 0.0 0.0
6417 32380 104 0 0.36 0.09 0.13 0.25 0.0 0.0
6417 32380 105 0 0.36 0.09 0.13 0.25 0.0 0.0
6417 32380 106 0 0.36 0.09 0.13 0.25 0.0 0.0
6417 32380 107 0 0.36 0.09 0.13 0.25 0.0 0.0
6417 32380 108 0 0.36 0.09 0.13 0.25 0.0 0.0
6417 32380 109 0 0.36 0.09 0.13 0.25 0.0 0.0
6417 32380 32 0 1.00 0.43 0.21 0.5 0.0 0.0
6417 32380 110 0 1.00 0.43 0.21 0.5 0.0 0.0
6417 32380 22 0 0.18 0.02 0.21 0.8 0.0 0.0
6417 32380 23 0 0.18 0.02 0.21 0.8 0.0 0.0
6417 32380 24 0 0.18 0.02 0.21 0.8 0.0 0.0
6417 32380 25 0 0.18 0.02 0.21 0.8 0.0 0.0
6417 32380 27 0 0.18 0.02 0.21 0.8 0.0 0.0
6417 32380 28 0 0.18 0.02 0.21 0.8 0.0 0.0
6417 32380 29 0 0.18 0.02 0.21 0.8 0.0 0.0
6417 32380 30 0 0.18 0.02 0.21 0.8 0.0 0.0
6417 32380 31 0 0.18 0.02 0.21 0.8 0.0 0.0
6417 32380 36 0 0.18 0.02 0.21 0.5 0.0 0.0
6417 32380 37 0 0.18 0.02 0.21 0.8 0.0 0.0
6417 32380 38 0 0.18 0.02 0.21 0.8 0.0 0.0
6417 32380 39 0 0.18 0.02 0.21 0.5 0.0 0.0
6417 32380 40 0 0.18 0.02 0.21 0.5 0.0 0.0
6417 32380 41 0 0.18 0.02 0.21 0.8 0.0 0.0
6417 32380 42 0 0.18 0.02 0.21 0.8 0.0 0.0
6417 32380 43 0 0.18 0.02 0.21 0.8 0.0 0.0
6417 32380 78 0 0.18 0.02 0.21 0.8 0.0 0.0
6417 32380 79 0 0.18 0.02 0.21 0.8 0.0 0.0
6417 32380 80 0 0.18 0.02 0.21 0.8 0.0 0.0
6417 32380 81 0 0.18 0.02 0.21 0.8 0.0 0.0
6417 32380 82 0 0.18 0.02 0.21 0.8 0.0 0.0
6417 32380 83 0 0.18 0.02 0.21 0.8 0.0 0.0
6417 32380 84 0 0.18 0.02 0.21 0.8 0.0 0.0
6417 32380 89 0 0.18 0.02 0.21 0.8 0.0 0.0
6417 32380 90 0 0.18 0.02 0.21 0.8 0.0 0.0
6417 32380 91 0 0.18 0.02 0.21 0.8 0.0 0.0
6417 32380 92 0 0.18 0.02 0.21 0.8 0.0 0.0
6417 32380 93 0 0.18 0.02 0.21 0.8 0.0 0.0
6417 32380 114 0 0.18 0.02 0.21 0.8 0.0 0.0
6417 32380 115 0 0.18 0.02 0.21 0.8 0.0 0.0
6417 32380 117 0 0.18 0.02 0.21 0.8 0.0 0.0
6417 32380 118 0 0.18 0.02 0.21 0.8 0.0 0.0
6417 32380 119 0 0.18 0.02 0.21 0.8 0.0 0.0
6417 32380 120 0 0.18 0.02 0.21 0.8 0.0 0.0
6417 32380 121 0 0.18 0.02 0.21 0.8 0.0 0.0
6417 32380 122 0 0.18 0.02 0.21 0.8 0.0 0.0
6417 32380 123 0 0.18 0.02 0.21 0.5 0.0 0.0
6417 32380 128 0 0.18 0.02 0.21 0.8 0.0 0.0
6417 32380 129 0 0.18 0.02 0.21 0.8 0.0 0.0
6417 32380 130 0 0.18 0.02 0.21 0.8 0.0 0.0
6417 32380 131 0 0.18 0.02 0.21 0.5 0.0 0.0
6417 32380 132 0 0.18 0.02 0.21 0.5 0.0 0.0
6417 32380 133 0 0.18 0.02 0.21 0.8 0.0 0.0
6417 32380 134 0 0.18 0.02 0.21 0.8 0.0 0.0
6417 32380 135 0 0.18 0.02 0.21 0.8 0.0 0.0
6417 32380 136 0 0.18 0.02 0.21 0.8 0.0 0.0
6417 32380 137 0 0.18 0.02 0.21 0.8 0.0 0.0
6417 32380 170 0 0.18 0.02 0.21 0.8 0.0 0.0
6417 32380 171 0 0.18 0.02 0.21 0.8 0.0 0.0
6417 32380 172 0 0.18 0.02 0.21 0.8 0.0 0.0
6417 32380 173 0 0.18 0.02 0.21 0.8 0.0 0.0
6417 32380 174 0 0.18 0.02 0.21 0.8 0.0 0.0
6417 32380 179 0 0.18 0.02 0.21 0.8 0.0 0.0
6417 32380 180 0 0.18 0.02 0.21 0.8 0.0 0.0
6417 32380 181 0 0.18 0.02 0.21 0.8 0.0 0.0
6417 32380 182 0 0.18 0.02 0.21 0.8 0.0 0.0
6417 32380 183 0 0.18 0.02 0.21 0.8 0.0 0.0
6417 32380 184 0 0.18 0.02 0.21 0.8 0.0 0.0
6417 32380 185 0 0.18 0.02 0.21 0.8 0.0 0.0
6417 32380 46 0 0.72 0.18 0.26 0.3 0.0 0.0
6417 32380 47 0 0.72 0.18 0.26 0.3 0.0 0.0
6417 32380 48 0 0.72 0.18 0.26 0.3 0.0 0.0
6417 32380 49 0 0.72 0.18 0.26 0.3 0.0 0.0
6417 32380 50 0 0.72 0.18 0.26 0.3 0.0 0.0
6417 32380 51 0 0.72 0.18 0.26 0.3 0.0 0.0
6417 32380 52 0 0.72 0.18 0.26 0.3 0.0 0.0
6417 32380 53 0 0.72 0.18 0.26 0.3 0.0 0.0
6417 32380 54 0 0.72 0.18 0.26 0.3 0.0 0.0
6417 32380 55 0 0.72 0.18 0.26 0.3 0.0 0.0
6417 32380 56 0 0.72 0.18 0.26 0.3 0.0 0.0
6417 32380 57 0 0.72 0.18 0.26 0.3 0.0 0.0
6417 32380 58 0 0.72 0.18 0.26 0.3 0.0 0.0
6417 32380 59 0 0.72 0.18 0.26 0.3 0.0 0.0
6417 32380 60 0 0.72 0.18 0.26 0.3 0.0 0.0
6417 32380 61 0 0.72 0.18 0.26 0.3 0.0 0.0
6417 32380 62 0 0.72 0.18 0.26 0.3 0.0 0.0
6417 32380 63 0 0.72 0.18 0.26 0.3 0.0 0.0
6417 32380 64 0 0.72 0.18 0.26 0.3 0.0 0.0
6417 32380 65 0 0.72 0.18 0.26 0.3 0.0 0.0
6417 32380 66 0 0.72 0.18 0.26 0.3 0.0 0.0
6417 32380 67 0 0.72 0.18 0.26 0.3 0.0 0.0
6417 32380 68 0 0.72 0.18 0.26 0.3 0.0 0.0
6417 32380 69 0 0.72 0.18 0.26 0.3 0.0 0.0
6417 32380 70 0 0.72 0.18 0.26 0.3 0.0 0.0
6417 32380 71 0 0.72 0.18 0.26 0.3 0.0 0.0
6417 32380 72 0 0.72 0.18 0.26 0.3 0.0 0.0
6417 32380 73 0 0.72 0.18 0.26 0.3 0.0 0.0
6417 32380 138 0 0.72 0.18 0.26 0.3 0.0 0.0
6417 32380 139 0 0.72 0.18 0.26 0.3 0.0 0.0
6417 32380 140 0 0.72 0.18 0.26 0.3 0.0 0.0
6417 32380 141 0 0.72 0.18 0.26 0.3 0.0 0.0
6417 32380 142 0 0.72 0.18 0.26 0.3 0.0 0.0
6417 32380 143 0 0.72 0.18 0.26 0.3 0.0 0.0
6417 32380 144 0 0.72 0.18 0.26 0.3 0.0 0.0
6417 32380 145 0 0.72 0.18 0.26 0.3 0.0 0.0
6417 32380 146 0 0.72 0.18 0.26 0.3 0.0 0.0
6417 32380 147 0 0.72 0.18 0.26 0.3 0.0 0.0
6417 32380 148 0 0.72 0.18 0.26 0.3 0.0 0.0
6417 32380 149 0 0.72 0.18 0.26 0.3 0.0 0.0
6417 32380 150 0 0.72 0.18 0.26 0.3 0.0 0.0
6417 32380 151 0 0.72 0.18 0.26 0.3 0.0 0.0
6417 32380 152 0 0.72 0.18 0.26 0.3 0.0 0.0
6417 32380 153 0 0.72 0.18 0.26 0.3 0.0 0.0
6417 32380 154 0 0.72 0.18 0.26 0.3 0.0 0.0
6417 32380 155 0 0.72 0.18 0.26 0.3 0.0 0.0
6417 32380 156 0 0.72 0.18 0.26 0.3 0.0 0.0
6417 32380 157 0 0.72 0.18 0.26 0.3 0.0 0.0
6417 32380 158 0 0.72 0.18 0.26 0.3 0.0 0.0
6417 32380 159 0 0.72 0.18 0.26 0.3 0.0 0.0
6417 32380 160 0 0.72 0.18 0.26 0.3 0.0 0.0
6417 32380 161 0 0.72 0.18 0.26 0.3 0.0 0.0
6417 32380 162 0 0.72 0.18 0.26 0.3 0.0 0.0
6417 32380 163 0 0.72 0.18 0.26 0.3 0.0 0.0
6417 32380 164 0 0.72 0.18 0.26 0.3 0.0 0.0
6417 32380 165 0 0.72 0.18 0.26 0.3 0.0 0.0
6417 32380 7 0 1.00 0.43 0.21 0.5 0.0 0.0
6417 32380 7 0 1.00 0.40 0.89 0.6 0.0 0.0
6417 32501 7 0 1.00 0.40 0.89 0.35 0.0 0.0
6417 32380 108 0 1.00 0.43 0.21 0.5 0.0 0.0
6417 32380 108 0 1.00 0.40 0.89 0.6 0.0 0.0
6417 32501 108 0 1.00 0.40 0.89 0.35 0.0 0.0
6417 32229 186 0 0.25 0.25 0.25 0.5 0.0 0.0
6417 32229 187 0 0.25 0.25 0.25 0.5 0.0 0.0
6417 32229 188 0 0.25 0.25 0.25 0.5 0.0 0.0
6417 32380 186 0 1.00 0.40 0.89 0.3 0.0 0.0
6417 32380 187 0 1.00 0.40 0.89 0.3 0.0 0.0
6417 32380 188 0 1.00 0.40 0.89 0.3 0.0 0.0
6417 32501 186 0 1.00 0.40 0.89 0.2 0.0 0.0
6417 32501 188 0 1.00 0.40 0.89 0.2 0.0 0.0

//RF CLOAK
6418 32002 8 0 1.00 0.39 0.15 0.5 0.0 0.0
6418 32002 16 0 1.00 0.39 0.15 0.5 0.0 0.0
6418 32231 17 0 1.00 1.00 1.00 0.5 0.0 0.0
6418 32231 18 0 1.00 1.00 1.00 0.15 0.0 0.0
6418 32231 19 0 1.00 1.00 1.00 0.1 0.0 0.0
6418 32231 21 0 1.00 1.00 1.00 0.1 0.0 0.0
6418 32231 22 0 1.00 1.00 1.00 0.15 0.0 0.0
6418 32231 23 0 1.00 1.00 1.00 0.1 0.0 0.0
6418 32231 24 0 1.00 1.00 1.00 0.1 0.0 0.0
6418 32231 20 0 1.00 1.00 1.00 0.4 0.0 0.0
6418 32231 25 0 1.00 1.00 1.00 0.4 0.0 0.0
6418 32002 20 0 1.00 0.09 0.00 0.8 0.0 0.0
6418 32002 25 0 1.00 0.09 0.00 0.8 0.0 0.0
6418 32002 20 0 1.00 0.09 0.00 0.8 0.0 0.0
6418 32002 25 0 1.00 0.09 0.00 0.8 0.0 0.0
6418 32501 20 0 1.00 0.89 0.29 0.15 0.0 0.0
6418 32501 25 0 1.00 0.89 0.29 0.15 0.0 0.0
6418 32501 17 0 1.00 0.89 0.29 0.2 0.0 0.0
6418 32501 18 0 1.00 0.09 0.00 0.1 0.0 0.0
6418 32501 22 0 1.00 0.09 0.00 0.1 0.0 0.0
6418 32280 20 0 0.50 0.50 0.50 0.15 0.0 0.0
6418 32280 25 0 0.50 0.50 0.50 0.15 0.0 0.0

//========================================================================
// WING LEVEL 2.5
//========================================================================
//Wing of Chaos
6425 32002 43 0 1.00 0.11 0.00 2.0 0.0 0.0
6425 32501 43 0 0.75 0.75 0.75 0.5 0.0 0.0
6425 32231 43 0 1.00 1.00 1.00 0.4 0.0 0.0

//Wing of Magic
6426 32002 8 0 1.00 0.11 0.00 2.0 0.0 0.0
6426 32231 8 0 0.50 0.50 0.50 0.3 0.0 0.0
6426 32002 16 0 1.00 0.11 0.00 2.0 0.0 0.0
6426 32231 16 0 0.50 0.50 0.50 0.3 0.0 0.0
6426 32002 20 0 1.00 0.11 0.00 1.0 0.0 0.0
6426 32231 20 0 0.50 0.50 0.50 0.5 0.0 0.0
6426 32002 24 0 1.00 0.11 0.00 1.0 0.0 0.0
6426 32231 24 0 0.50 0.50 0.50 0.5 0.0 0.0

//Wing of Life
6427 32002 5 0 1.00 0.11 0.00 1.0 0.0 0.0
6427 32002 6 0 1.00 0.11 0.00 1.0 0.0 0.0
6427 32002 7 0 1.00 0.11 0.00 1.0 0.0 0.0
6427 32002 16 0 1.00 0.11 0.00 1.0 0.0 0.0
6427 32002 17 0 1.00 0.11 0.00 1.0 0.0 0.0
6427 32002 18 0 1.00 0.11 0.00 1.0 0.0 0.0
6427 32002 28 0 1.00 0.11 0.00 1.0 0.0 0.0
6427 32002 36 0 1.00 0.11 0.00 1.0 0.0 0.0
6427 32002 44 0 1.00 0.11 0.00 1.0 0.0 0.0
6427 32002 50 0 1.00 0.11 0.00 1.0 0.0 0.0
6427 32380 8 0 1.00 1.00 0.24 0.8 0.0 0.0
6427 32380 9 0 1.00 1.00 0.24 0.4 0.0 0.0
6427 32380 19 0 1.00 1.00 0.24 0.8 0.0 0.0
6427 32380 20 0 1.00 1.00 0.24 0.4 0.0 0.0
6427 32380 30 0 1.00 1.00 0.24 0.3 0.0 0.0
6427 32380 38 0 1.00 1.00 0.24 0.3 0.0 0.0
6427 32002 10 0 1.00 0.48 0.06 1.8 0.0 0.0
6427 32002 11 0 1.00 0.48 0.06 1.8 0.0 0.0
6427 32002 21 0 1.00 0.48 0.06 1.8 0.0 0.0
6427 32002 22 0 1.00 0.48 0.06 1.8 0.0 0.0
6427 32002 27 0 1.00 0.48 0.06 1.5 0.0 0.0
6427 32002 29 0 1.00 0.48 0.06 1.5 0.0 0.0
6427 32002 35 0 1.00 0.48 0.06 1.5 0.0 0.0
6427 32002 37 0 1.00 0.48 0.06 1.5 0.0 0.0

//========================================================================
// WING SPECIAL
//========================================================================
//Wings Devil & Angel
6429 32002 3 0 0.53 0.36 1.00 1.0 0.0 0.0
6429 32002 13 0 0.53 0.36 1.00 1.0 0.0 0.0
6429 32002 15 0 0.53 0.36 1.00 1.0 0.0 0.0
6429 32002 25 0 0.53 0.36 1.00 1.0 0.0 0.0
6429 32002 27 0 0.53 0.36 1.00 1.0 0.0 0.0
6429 32002 39 0 0.56 0.45 1.00 2.0 0.0 0.0
6429 32002 43 0 0.56 0.45 1.00 2.0 0.0 0.0
6429 32002 44 0 0.56 0.45 1.00 2.0 0.0 0.0
6429 32002 45 0 0.56 0.45 1.00 2.0 0.0 0.0
6429 32002 46 0 0.56 0.45 1.00 2.0 0.0 0.0
6429 32002 40 0 1.00 0.79 0.60 2.0 0.0 0.0
6429 32002 41 0 1.00 0.79 0.60 1.5 0.0 0.0
6429 32002 42 0 1.00 0.79 0.60 0.8 0.0 0.0
6429 32002 59 0 1.00 0.79 0.60 2.0 0.0 0.0
6429 32002 61 0 1.00 0.79 0.60 1.5 0.0 0.0
6429 32002 61 0 1.00 0.79 0.60 0.8 0.0 0.0
6429 32002 58 0 0.56 0.45 1.00 2.0 0.0 0.0
6429 32002 62 0 0.56 0.45 1.00 2.0 0.0 0.0
6429 32002 63 0 0.56 0.45 1.00 2.0 0.0 0.0
6429 32002 64 0 0.56 0.45 1.00 2.0 0.0 0.0
6429 32002 65 0 0.56 0.45 1.00 2.0 0.0 0.0

//Wing of Conqueror
6428 32002 7 0 1.00 0.50 0.00 1.1 0.0 0.0
6428 32002 15 0 1.00 0.50 0.00 1.1 0.0 0.0
6428 32002 23 0 1.00 0.50 0.00 1.5 0.0 0.0
6428 32002 24 0 1.00 0.50 0.00 0.8 0.0 0.0
6428 32002 30 0 1.00 0.50 0.00 1.1 0.0 0.0
6428 32002 38 0 1.00 0.50 0.00 1.1 0.0 0.0
6428 32002 46 0 1.00 0.50 0.00 1.5 0.0 0.0
6428 32002 47 0 1.00 0.50 0.00 0.8 0.0 0.0
6428 32002 58 0 1.00 0.50 0.00 0.5 0.0 0.0
6428 32002 51 0 1.00 0.50 0.00 0.5 0.0 0.0
6428 32002 28 0 0.50 0.05 0.00 1.8 0.0 0.0
6428 32002 37 0 0.50 0.05 0.00 1.5 0.0 0.0
6428 32002 42 0 0.50 0.05 0.00 1.5 0.0 0.0
6428 32002 05 0 0.50 0.05 0.00 1.8 0.0 0.0
6428 32002 14 0 0.50 0.05 0.00 1.5 0.0 0.0
6428 32002 19 0 0.50 0.05 0.00 1.5 0.0 0.0
6428 32002 57 0 0.50 0.05 0.00 1.8 0.0 0.0
6428 32002 60 0 0.50 0.05 0.00 1.3 0.0 0.0
6428 32002 61 0 0.50 0.05 0.00 1.5 0.0 0.0
6428 32002 50 0 0.50 0.05 0.00 1.8 0.0 0.0
6428 32002 53 0 0.50 0.05 0.00 1.3 0.0 0.0
6428 32002 54 0 0.50 0.05 0.00 1.5 0.0 0.0

//Wings of Power
6430 32364 32 0 1.0 1.0 1.0 0.12 0.0 0.0
6430 32501 39 0 0.06274509803 0.30980392156 1.0 0.4 0.0 0.0
6430 32002 39 0 0.0 0.17647058823 0.68235294117 1.6 0.0 0.0
6430 32002 39 0 0.0 0.17647058823 0.68235294117 1.6 0.0 0.0
6430 32501 41 0 0.06274509803 0.30980392156 1.0 0.4 0.0 0.0
6430 32002 41 0 0.0 0.17647058823 0.68235294117 1.6 0.0 0.0
6430 32002 41 0 0.0 0.17647058823 0.68235294117 1.6 0.0 0.0
6430 32501 42 0 0.06274509803 0.30980392156 1.0 0.4 0.0 0.0
6430 32002 42 0 0.0 0.17647058823 0.68235294117 1.6 0.0 0.0
6430 32002 42 0 0.0 0.17647058823 0.68235294117 1.6 0.0 0.0
6430 32501 24 0 0.06274509803 0.30980392156 1.0 0.4 0.0 0.0
6430 32002 24 0 0.0 0.17647058823 0.68235294117 1.6 0.0 0.0
6430 32002 24 0 0.0 0.17647058823 0.68235294117 1.6 0.0 0.0
6430 32501 25 0 0.06274509803 0.30980392156 1.0 0.4 0.0 0.0
6430 32002 25 0 0.0 0.17647058823 0.68235294117 1.6 0.0 0.0
6430 32002 25 0 0.0 0.17647058823 0.68235294117 1.6 0.0 0.0
6430 32501 27 0 0.06274509803 0.30980392156 1.0 0.4 0.0 0.0
6430 32002 27 0 0.0 0.17647058823 0.68235294117 1.6 0.0 0.0
6430 32002 27 0 0.0 0.17647058823 0.68235294117 1.6 0.0 0.0
6430 32501 32 0 0.06274509803 0.30980392156 1.0 0.55 0.0 0.0
6430 32002 32 0 0.0 0.17647058823 0.68235294117 2.2 0.0 0.0
6430 32002 32 0 0.0 0.17647058823 0.68235294117 2.2 0.0 0.0
6430 32501 32 0 0.06274509803 0.30980392156 1.0 0.5 0.0 0.0
6430 32002 32 0 0.0 0.17647058823 0.68235294117 2.0 0.0 0.0
6430 32002 32 0 0.0 0.17647058823 0.68235294117 2.0 0.0 0.0
6430 32851 32 0 0.300000011920929 0.5 1.0 1.2000000029802322 0.0 0.0


//Bloodangel Shield(Masteryshild_dk01.bmd)
3102 32431 1 0 1.0 1.0 1.0 1.0 0.0 0.0
3102 32431 4 0 1.0 1.0 1.0 0.5 0.0 0.0
3102 32431 5 0 1.0 1.0 1.0 0.5 0.0 0.0
3102 32231 1 0 1.0 1.0 1.0 0.5 0.0 0.0
3102 32231 4 0 1.0 1.0 1.0 0.25 0.0 0.0
3102 32231 5 0 1.0 1.0 1.0 0.25 0.0 0.0

//Darkangel Shield(Masteryshild_dk02.bmd)
3103 32002 7 0 0.7 0.1 1.0 1.0 0.0 0.0
3103 32002 1 0 1.0 0.45 2.0 0.3 0.0 0.0
3103 32002 2 0 1.0 0.45 2.0 0.3 0.0 0.0
3103 32002 5 0 1.0 0.45 2.0 0.3 0.0 0.0
3103 32002 6 0 1.0 0.45 2.0 0.3 0.0 0.0
3103 32002 8 0 1.0 0.45 2.0 0.3 0.0 0.0
3103 32002 9 0 1.0 0.45 2.0 0.3 0.0 0.0

//Holyangel Shield(Masteryshild_dk03.bmd)
3104 32501 5 0 0.2 0.5 0.8 0.125 0.0 0.0
3104 32002 5 0 0.2 0.5 0.8 0.5 0.0 0.0
3104 32501 5 0 0.2 0.5 0.8 0.05 0.0 0.0
3104 32002 5 0 0.2 0.5 0.8 0.2 0.0 0.0
3104 32002 5 0 0.2 0.5 0.8 1.0 0.0 0.0
3104 32501 1 0 1.0 0.5 0.2 0.025 0.0 0.0
3104 32002 1 0 1.0 0.5 0.2 0.1 0.0 0.0
3104 32501 2 0 1.0 0.5 0.2 0.1 0.0 0.0
3104 32002 2 0 1.0 0.5 0.2 0.4 0.0 0.0
3104 32501 3 0 1.0 0.5 0.2 0.1 0.0 0.0
3104 32002 3 0 1.0 0.5 0.2 0.4 0.0 0.0
3104 32501 4 0 1.0 0.5 0.2 0.1 0.0 0.0
3104 32002 4 0 1.0 0.5 0.2 0.4 0.0 0.0

//Awakening Shield(Masteryshild_dk04.bmd)
3105 32431 1 0 1.0 1.0 1.0 0.25 0.0 0.0
3105 32431 2 0 1.0 1.0 1.0 0.25 0.0 0.0
3105 32431 3 0 1.0 1.0 1.0 0.25 0.0 0.0
3105 32431 4 0 1.0 1.0 1.0 0.5 0.0 0.0
3105 32501 2 0 1.0 0.5 0.2 0.1 0.0 0.0
3105 32002 2 0 1.0 0.5 0.2 0.4 0.0 0.0
3105 32501 3 0 1.0 0.5 0.2 0.1 0.0 0.0
3105 32002 3 0 1.0 0.5 0.2 0.4 0.0 0.0
3105 32501 1 0 1.0 0.5 0.2 0.1 0.0 0.0
3105 32002 1 0 1.0 0.5 0.2 0.4 0.0 0.0
3105 32231 5 0 1.0 1.0 1.0 0.5 0.0 0.0
3105 32231 9 0 1.0 1.0 1.0 0.5 0.0 0.0

//Blueeye Shield(Masteryshild_dk05.bmd)
3106 32501 4 0 0.45 0.6 0.8 0.1 0.0 0.0
3106 32002 4 0 0.45 0.6 0.8 0.4 0.0 0.0
3106 32501 4 0 0.45 0.6 0.8 0.05 0.0 0.0
3106 32002 4 0 0.45 0.6 0.8 0.2 0.0 0.0
3106 32501 4 0 0.45 0.6 0.8 0.075 0.0 0.0
3106 32002 4 0 0.45 0.6 0.8 0.3 0.0 0.0
3106 32501 1 0 0.45 0.6 0.8 0.0375 0.0 0.0
3106 32002 1 0 0.45 0.6 0.8 0.15 0.0 0.0
3106 32002 4 0 0.01 0.05 0.8 0.3 0.0 0.0
3106 32002 1 0 0.01 0.05 0.8 0.15 0.0 0.0
3106 32002 4 0 0.01 0.05 0.8 0.3 0.0 0.0
3106 32002 1 0 0.01 0.05 0.8 0.15 0.0 0.0
3106 32002 1 0 0.2 0.3 1.0 0.3 1.0 0.0
3106 32002 4 0 0.2 0.3 1.0 0.3 1.0 0.0
3106 32002 3 0 0.2 0.3 1.0 0.3 1.0 0.0

//Silver Heart Shield(Masteryshild_dk06.bmd)
3107 32501 4 0 0.5 0.6 0.95 0.1 0.0 0.0
3107 32002 4 0 0.5 0.6 0.95 0.4 0.0 0.0
3107 32501 4 0 0.5 0.6 0.95 0.05 0.0 0.0
3107 32002 4 0 0.5 0.6 0.95 0.2 0.0 0.0
3107 32002 1 0 0.5 0.2 0.95 0.2 0.0 0.0
3107 32002 1 0 0.8 0.25 1.0 0.4 0.0 0.0
3107 32002 1 0 0.8 0.25 1.0 0.4 0.0 0.0
3107 32501 3 0 0.8 0.25 1.0 0.2 0.0 0.0
3107 32002 3 0 0.8 0.25 1.0 0.8 0.0 0.0
3107 32501 4 0 0.8 0.25 1.0 0.2 0.0 0.0
3107 32002 4 0 0.8 0.25 1.0 0.8 0.0 0.0
3107 32501 5 0 0.8 0.25 1.0 0.2 0.0 0.0
3107 32002 5 0 0.8 0.25 1.0 0.8 0.0 0.0
3107 32002 8 0 0.8 0.25 1.0 0.6 0.0 0.0
3107 32002 7 0 0.8 0.25 1.0 0.3 0.0 0.0

//Silver Heart Sword 
62 32002 17 0 0.3 0.1 0.75 1.4 0.0 0.0
62 32002 18 0 0.3 0.1 0.75 1.4 0.0 0.0
62 32002 19 0 0.3 0.1 0.75 1.4 0.0 0.0
62 32002 20 0 0.3 0.1 0.75 1.4 0.0 0.0
62 32002 21 0 0.3 0.1 0.75 1.4 0.0 0.0
62 32002 22 0 0.3 0.1 0.75 1.4 0.0 0.0
62 32002 23 0 0.3 0.1 0.75 1.4 0.0 0.0
62 32002 24 0 0.3 0.1 0.75 1.4 0.0 0.0
62 32002 25 0 0.3 0.1 0.75 1.4 0.0 0.0
62 32002 26 0 0.3 0.1 0.75 1.4 0.0 0.0
62 32002 27 0 0.3 0.1 0.75 1.4 0.0 0.0
62 32002 28 0 0.3 0.1 0.75 1.4 0.0 0.0
62 32002 29 0 0.3 0.1 0.75 1.4 0.0 0.0
62 32002 5 0 1.0 1.0 1.0 0.5 0.0 0.0
62 32002 9 0 1.0 1.0 1.0 0.5 0.0 0.0
62 32501 6 0 0.8 0.25 1.0 0.125 0.0 0.0
62 32002 6 0 0.8 0.25 1.0 0.5 0.0 0.0
62 32501 7 0 0.8 0.25 1.0 0.125 0.0 0.0
62 32002 7 0 0.8 0.25 1.0 0.5 0.0 0.0
62 32501 8 0 0.8 0.25 1.0 0.125 0.0 0.0
62 32002 8 0 0.8 0.25 1.0 0.5 0.0 0.0
62 32501 10 0 0.8 0.25 1.0 0.125 0.0 0.0
62 32002 10 0 0.8 0.25 1.0 0.5 0.0 0.0
62 32501 11 0 0.8 0.25 1.0 0.125 0.0 0.0
62 32002 11 0 0.8 0.25 1.0 0.5 0.0 0.0
62 32501 12 0 0.8 0.25 1.0 0.125 0.0 0.0
62 32002 12 0 0.8 0.25 1.0 0.5 0.0 0.0

//Silver Heart Magic Sword
60 32002 11 0 0.3 0.1 0.75 1.0 0.0 0.0
60 32002 12 0 0.3 0.1 0.75 1.0 0.0 0.0
60 32002 13 0 0.3 0.1 0.75 1.0 0.0 0.0
60 32002 14 0 0.3 0.1 0.75 1.0 0.0 0.0
60 32002 15 0 0.3 0.1 0.75 1.0 0.0 0.0
60 32002 16 0 0.3 0.1 0.75 1.0 0.0 0.0
60 32002 17 0 0.3 0.1 0.75 1.0 0.0 0.0
60 32002 18 0 0.3 0.1 0.75 1.0 0.0 0.0
60 32002 19 0 0.3 0.1 0.75 1.0 0.0 0.0
60 32002 20 0 0.3 0.1 0.75 1.0 0.0 0.0
60 32002 21 0 0.3 0.1 0.75 1.0 0.0 0.0
60 32002 3 0 1.0 1.0 1.0 0.5 0.0 0.0
60 32002 7 0 1.0 1.0 1.0 0.5 0.0 0.0
60 32501 4 0 0.8 0.25 1.0 0.125 0.0 0.0
60 32002 4 0 0.8 0.25 1.0 0.5 0.0 0.0
60 32501 5 0 0.8 0.25 1.0 0.125 0.0 0.0
60 32002 5 0 0.8 0.25 1.0 0.5 0.0 0.0
60 32501 6 0 0.8 0.25 1.0 0.125 0.0 0.0
60 32002 6 0 0.8 0.25 1.0 0.5 0.0 0.0
60 32501 8 0 0.8 0.25 1.0 0.125 0.0 0.0
60 32002 8 0 0.8 0.25 1.0 0.5 0.0 0.0
60 32501 9 0 0.8 0.25 1.0 0.125 0.0 0.0
60 32002 9 0 0.8 0.25 1.0 0.5 0.0 0.0
60 32501 10 0 0.8 0.25 1.0 0.125 0.0 0.0
60 32002 10 0 0.8 0.25 1.0 0.5 0.0 0.0
60 32002 2 0 0.8 0.1 0.95 3.0 0.0 0.0

//Silver Heart ShortSword
61 32002 13 0 0.7 0.5 0.95 0.6 0.0 0.0
61 32002 14 0 0.7 0.5 0.95 0.6 0.0 0.0
61 32002 15 0 0.7 0.5 0.95 0.6 0.0 0.0
61 32002 16 0 0.7 0.5 0.95 0.6 0.0 0.0
61 32002 17 0 0.7 0.5 0.95 0.6 0.0 0.0
61 32002 20 0 0.7 0.5 0.95 0.6 0.0 0.0
61 32002 21 0 0.7 0.5 0.95 0.6 0.0 0.0
61 32002 22 0 0.7 0.5 0.95 0.6 0.0 0.0
61 32002 23 0 0.7 0.5 0.95 0.6 0.0 0.0
61 32002 24 0 0.7 0.5 0.95 0.6 0.0 0.0
61 32002 25 0 0.7 0.5 0.95 0.6 0.0 0.0
61 32002 26 0 0.7 0.5 0.95 0.6 0.0 0.0
61 32002 27 0 0.7 0.5 0.95 0.6 0.0 0.0
61 32002 28 0 0.7 0.5 0.95 0.6 0.0 0.0
61 32002 29 0 0.7 0.5 0.95 0.6 0.0 0.0
61 32002 30 0 0.7 0.5 0.95 0.6 0.0 0.0
61 32002 2 0 1.0 1.0 1.0 0.5 0.0 0.0
61 32002 6 0 1.0 1.0 1.0 0.5 0.0 0.0
61 32501 3 0 0.8 0.25 1.0 0.125 0.0 0.0
61 32002 3 0 0.8 0.25 1.0 0.5 0.0 0.0
61 32501 4 0 0.8 0.25 1.0 0.125 0.0 0.0
61 32002 4 0 0.8 0.25 1.0 0.5 0.0 0.0
61 32501 5 0 0.8 0.25 1.0 0.125 0.0 0.0
61 32002 5 0 0.8 0.25 1.0 0.5 0.0 0.0
61 32501 7 0 0.8 0.25 1.0 0.125 0.0 0.0
61 32002 7 0 0.8 0.25 1.0 0.5 0.0 0.0
61 32501 8 0 0.8 0.25 1.0 0.125 0.0 0.0
61 32002 8 0 0.8 0.25 1.0 0.5 0.0 0.0
61 32501 9 0 0.8 0.25 1.0 0.125 0.0 0.0
61 32002 9 0 0.8 0.25 1.0 0.5 0.0 0.0
61 32002 1 0 0.8 0.1 0.95 3.0 0.0 0.0
61 32431 31 0 0.8 0.1 0.95 0.7 0.0 0.0

//Silver Heart Scepter
1055 32002 13 0 0.7 0.5 0.95 2.0 0.0 0.0
1055 32002 14 0 0.7 0.5 0.95 1.2 0.0 0.0
1055 32002 4 0 1.0 1.0 1.0 0.5 0.0 0.0
1055 32002 8 0 1.0 1.0 1.0 0.5 0.0 0.0
1055 32501 5 0 0.8 0.25 1.0 0.125 0.0 0.0
1055 32002 5 0 0.8 0.25 1.0 0.5 0.0 0.0
1055 32501 6 0 0.8 0.25 1.0 0.125 0.0 0.0
1055 32002 6 0 0.8 0.25 1.0 0.5 0.0 0.0
1055 32501 7 0 0.8 0.25 1.0 0.125 0.0 0.0
1055 32002 7 0 0.8 0.25 1.0 0.5 0.0 0.0
1055 32501 9 0 0.8 0.25 1.0 0.125 0.0 0.0
1055 32002 9 0 0.8 0.25 1.0 0.5 0.0 0.0
1055 32501 10 0 0.8 0.25 1.0 0.125 0.0 0.0
1055 32002 10 0 0.8 0.25 1.0 0.5 0.0 0.0
1055 32501 11 0 0.8 0.25 1.0 0.125 0.0 0.0
1055 32002 11 0 0.8 0.25 1.0 0.5 0.0 0.0
1055 32002 3 0 0.8 0.1 0.95 3.0 0.0 0.0

//Silver Heart Mace
1054 32002 106 0 2.0 0.6 3.0 0.3 0.0 0.0
1054 32002 107 0 2.0 0.6 3.0 0.3 0.0 0.0
1054 32002 108 0 2.0 0.6 3.0 0.3 0.0 0.0
1054 32002 109 0 2.0 0.6 3.0 0.3 0.0 0.0
1054 32002 110 0 2.0 0.6 3.0 0.3 0.0 0.0
1054 32002 111 0 2.0 0.6 3.0 0.3 0.0 0.0
1054 32002 96 0 2.0 0.6 3.0 0.3 0.0 0.0
1054 32002 97 0 2.0 0.6 3.0 0.3 0.0 0.0
1054 32002 98 0 2.0 0.6 3.0 0.3 0.0 0.0
1054 32002 95 0 2.0 0.6 3.0 0.3 0.0 0.0
1054 32002 103 0 2.0 0.6 3.0 0.3 0.0 0.0
1054 32002 104 0 2.0 0.6 3.0 0.3 0.0 0.0
1054 32002 101 0 2.0 0.6 3.0 1.2 0.0 0.0
1054 32002 115 0 0.8 0.1 0.95 4.0 0.0 0.0
1054 32002 116 0 1.0 1.0 1.0 0.5 0.0 0.0
1054 32002 120 0 1.0 1.0 1.0 0.5 0.0 0.0
1054 32501 117 0 0.8 0.25 1.0 0.125 0.0 0.0
1054 32002 117 0 0.8 0.25 1.0 0.5 0.0 0.0
1054 32501 118 0 0.8 0.25 1.0 0.125 0.0 0.0
1054 32002 118 0 0.8 0.25 1.0 0.5 0.0 0.0
1054 32501 119 0 0.8 0.25 1.0 0.125 0.0 0.0
1054 32002 119 0 0.8 0.25 1.0 0.5 0.0 0.0
1054 32501 121 0 0.8 0.25 1.0 0.125 0.0 0.0
1054 32002 121 0 0.8 0.25 1.0 0.5 0.0 0.0
1054 32501 122 0 0.8 0.25 1.0 0.125 0.0 0.0
1054 32002 122 0 0.8 0.25 1.0 0.5 0.0 0.0
1054 32501 123 0 0.8 0.25 1.0 0.125 0.0 0.0
1054 32002 123 0 0.8 0.25 1.0 0.5 0.0 0.0

//Silver Heart Lance
1549 32002 12 0 0.25 0.05 0.65 2.0 0.0 0.0
1549 32002 13 0 0.25 0.05 0.65 2.0 0.0 0.0
1549 32002 14 0 0.25 0.05 0.65 2.0 0.0 0.0
1549 32002 15 0 0.25 0.05 0.65 2.0 0.0 0.0
1549 32002 16 0 0.25 0.05 0.65 2.0 0.0 0.0
1549 32002 17 0 0.25 0.05 0.65 2.0 0.0 0.0
1549 32002 18 0 0.25 0.05 0.65 2.0 0.0 0.0
1549 32002 19 0 0.25 0.05 0.65 2.0 0.0 0.0
1549 32002 4 0 1.0 1.0 1.0 0.5 0.0 0.0
1549 32002 8 0 1.0 1.0 1.0 0.5 0.0 0.0
1549 32501 5 0 0.8 0.25 1.0 0.125 0.0 0.0
1549 32002 5 0 0.8 0.25 1.0 0.5 0.0 0.0
1549 32501 6 0 0.8 0.25 1.0 0.125 0.0 0.0
1549 32002 6 0 0.8 0.25 1.0 0.5 0.0 0.0
1549 32501 7 0 0.8 0.25 1.0 0.125 0.0 0.0
1549 32002 7 0 0.8 0.25 1.0 0.5 0.0 0.0
1549 32501 9 0 0.8 0.25 1.0 0.125 0.0 0.0
1549 32002 9 0 0.8 0.25 1.0 0.5 0.0 0.0
1549 32501 10 0 0.8 0.25 1.0 0.125 0.0 0.0
1549 32002 10 0 0.8 0.25 1.0 0.5 0.0 0.0
1549 32501 11 0 0.8 0.25 1.0 0.125 0.0 0.0
1549 32002 11 0 0.8 0.25 1.0 0.5 0.0 0.0

//Silver Heart Bow
2083 32002 19 0 2.0 0.3 0.4 1.0 0.0 0.0
2083 32002 10 0 2.0 0.3 0.4 1.0 0.0 0.0
2083 32002 18 0 2.0 0.3 0.4 1.0 0.0 0.0
2083 32002 9 0 2.0 0.3 0.4 1.0 0.0 0.0
2083 32002 7 0 0.4 0.15 0.6 1.3 0.0 0.0
2083 32002 16 0 0.4 0.15 0.6 1.3 0.0 0.0
2083 32002 8 0 0.4 0.15 0.6 1.3 0.0 0.0
2083 32002 17 0 0.4 0.15 0.6 1.3 0.0 0.0
2083 32002 10 0 0.4 0.15 0.9 2.4 0.0 0.0
2083 32002 39 0 0.4 0.15 0.9 2.4 0.0 0.0
2083 32002 40 0 0.4 0.15 0.9 2.4 0.0 0.0
2083 32002 25 0 1.0 1.0 1.0 0.5 0.0 0.0
2083 32002 29 0 1.0 1.0 1.0 0.5 0.0 0.0
2083 32501 26 0 0.8 0.25 1.0 0.125 0.0 0.0
2083 32002 26 0 0.8 0.25 1.0 0.5 0.0 0.0
2083 32501 27 0 0.8 0.25 1.0 0.125 0.0 0.0
2083 32002 27 0 0.8 0.25 1.0 0.5 0.0 0.0
2083 32501 28 0 0.8 0.25 1.0 0.125 0.0 0.0
2083 32002 28 0 0.8 0.25 1.0 0.5 0.0 0.0
2083 32501 30 0 0.8 0.25 1.0 0.125 0.0 0.0
2083 32002 30 0 0.8 0.25 1.0 0.5 0.0 0.0
2083 32501 31 0 0.8 0.25 1.0 0.125 0.0 0.0
2083 32002 31 0 0.8 0.25 1.0 0.5 0.0 0.0
2083 32501 32 0 0.8 0.25 1.0 0.125 0.0 0.0
2083 32002 32 0 0.8 0.25 1.0 0.5 0.0 0.0
2083 32002 1 0 0.8 0.1 0.95 3.0 0.0 0.0

//Silver Heart Staff
2625 32002 22 0 0.3 0.0 0.65 0.80 0.0 0.0
2625 32002 25 0 0.3 0.0 0.65 0.80 0.0 0.0
2625 32002 24 0 0.3 0.0 0.65 0.55 0.0 0.0
2625 32002 20 0 0.3 0.0 0.65 0.55 0.0 0.0
2625 32002 23 0 0.3 0.0 0.65 0.25 0.0 0.0
2625 32002 21 0 0.3 0.0 0.65 0.25 0.0 0.0
2625 32431 2 0 1.0 1.0 1.0 2.3 0.0 0.0
2625 32431 2 0 1.0 1.0 1.0 1.6 0.0 0.0
2625 32431 7 0 1.0 1.0 1.0 1.7 0.0 0.0
2625 32002 2 0 0.9 0.5 0.1 0.5 0.0 0.0
2625 32002 12 0 1.0 1.0 1.0 0.5 0.0 0.0
2625 32002 16 0 1.0 1.0 1.0 0.5 0.0 0.0
2625 32501 13 0 0.8 0.25 1.0 0.125 0.0 0.0
2625 32002 13 0 0.8 0.25 1.0 0.5 0.0 0.0
2625 32501 14 0 0.8 0.25 1.0 0.125 0.0 0.0
2625 32002 14 0 0.8 0.25 1.0 0.5 0.0 0.0
2625 32501 15 0 0.8 0.25 1.0 0.125 0.0 0.0
2625 32002 15 0 0.8 0.25 1.0 0.5 0.0 0.0
2625 32501 17 0 0.8 0.25 1.0 0.125 0.0 0.0
2625 32002 17 0 0.8 0.25 1.0 0.5 0.0 0.0
2625 32501 18 0 0.8 0.25 1.0 0.125 0.0 0.0
2625 32002 18 0 0.8 0.25 1.0 0.5 0.0 0.0
2625 32501 19 0 0.8 0.25 1.0 0.125 0.0 0.0
2625 32002 19 0 0.8 0.25 1.0 0.5 0.0 0.0
2625 32002 11 0 3.0 0.73 6.0 3.0 0.0 0.0

//Silver Heart Stick
2626 32002 19 0 0.25 0.1 0.75 0.5 0.0 0.0
2626 32002 20 0 0.25 0.1 0.75 0.5 0.0 0.0
2626 32002 14 0 0.25 0.1 0.75 1.0 0.0 0.0
2626 32002 15 0 0.25 0.1 0.75 1.0 0.0 0.0
2626 32002 16 0 0.25 0.1 0.75 1.0 0.0 0.0
2626 32002 17 0 0.25 0.1 0.75 1.0 0.0 0.0
2626 32002 18 0 0.25 0.1 0.75 1.0 0.0 0.0
2626 32002 24 0 0.25 0.1 0.75 1.0 0.0 0.0
2626 32002 25 0 0.25 0.1 0.75 1.0 0.0 0.0
2626 32002 26 0 0.25 0.1 0.75 1.0 0.0 0.0
2626 32002 27 0 0.25 0.1 0.75 1.0 0.0 0.0
2626 32002 28 0 0.25 0.1 0.75 1.0 0.0 0.0
2626 32002 29 0 0.25 0.1 0.75 1.0 0.0 0.0
2626 32002 30 0 0.25 0.1 0.75 1.0 0.0 0.0
2626 32002 31 0 0.25 0.1 0.75 1.0 0.0 0.0
2626 32002 32 0 0.25 0.1 0.75 1.0 0.0 0.0
2626 32002 33 0 0.25 0.1 0.75 1.0 0.0 0.0
2626 32002 34 0 0.25 0.1 0.75 0.5 0.0 0.0
2626 32002 35 0 0.25 0.1 0.75 0.5 0.0 0.0
2626 32002 6 0 1.0 1.0 1.0 0.5 0.0 0.0
2626 32002 10 0 1.0 1.0 1.0 0.5 0.0 0.0
2626 32501 7 0 0.8 0.25 1.0 0.125 0.0 0.0
2626 32002 7 0 0.8 0.25 1.0 0.5 0.0 0.0
2626 32501 8 0 0.8 0.25 1.0 0.125 0.0 0.0
2626 32002 8 0 0.8 0.25 1.0 0.5 0.0 0.0
2626 32501 9 0 0.8 0.25 1.0 0.125 0.0 0.0
2626 32002 9 0 0.8 0.25 1.0 0.5 0.0 0.0
2626 32501 11 0 0.8 0.25 1.0 0.125 0.0 0.0
2626 32002 11 0 0.8 0.25 1.0 0.5 0.0 0.0
2626 32501 12 0 0.8 0.25 1.0 0.125 0.0 0.0
2626 32002 12 0 0.8 0.25 1.0 0.5 0.0 0.0
2626 32501 13 0 0.8 0.25 1.0 0.125 0.0 0.0
2626 32002 13 0 0.8 0.25 1.0 0.5 0.0 0.0

//Wings of Disillusionment
6431 32380 9 0 0.40 0.69 0.12 0.7 0.0 0.0
6431 32380 15 0 0.40 0.69 0.12 0.7 0.0 0.0
6431 32380 32 0 0.40 0.69 0.12 0.7 0.0 0.0
6431 32380 52 0 0.40 0.69 0.12 0.7 0.0 0.0
6431 32380 58 0 0.40 0.69 0.12 0.7 0.0 0.0
6431 32380 75 0 0.40 0.69 0.12 0.7 0.0 0.0
6431 32380 38 0 0.19 0.43 0.10 0.25 0.0 0.0
6431 32380 39 0 0.19 0.43 0.10 0.2 0.0 0.0
6431 32380 40 0 0.19 0.43 0.10 0.15 0.0 0.0
6431 32380 41 0 0.19 0.43 0.10 0.4 0.0 0.0
6431 32380 42 0 0.19 0.43 0.10 0.35 0.0 0.0
6431 32380 43 0 0.19 0.43 0.10 0.5 0.0 0.0
6431 32380 80 0 0.19 0.43 0.10 0.25 0.0 0.0
6431 32380 81 0 0.19 0.43 0.10 0.2 0.0 0.0
6431 32380 82 0 0.19 0.43 0.10 0.15 0.0 0.0
6431 32380 83 0 0.19 0.43 0.10 0.4 0.0 0.0
6431 32380 84 0 0.19 0.43 0.10 0.35 0.0 0.0
6431 32380 85 0 0.19 0.43 0.10 0.5 0.0 0.0
6431 32002 8 0 0.40 0.69 0.12 1.0 0.0 0.0
6431 32002 14 0 0.40 0.69 0.12 1.0 0.0 0.0
6431 32002 31 0 0.40 0.69 0.12 1.0 0.0 0.0
6431 32002 51 0 0.40 0.69 0.12 1.0 0.0 0.0
6431 32002 57 0 0.40 0.69 0.12 1.0 0.0 0.0
6431 32002 74 0 0.40 0.69 0.12 1.0 0.0 0.0
6431 32002 24 0 0.57 0.69 1.00 0.8 0.0 0.0
6431 32002 25 0 0.57 0.69 1.00 0.8 0.0 0.0
6431 32002 26 0 0.57 0.69 1.00 0.8 0.0 0.0
6431 32002 33 0 0.57 0.69 1.00 0.8 0.0 0.0
6431 32002 67 0 0.57 0.69 1.00 0.8 0.0 0.0
6431 32002 68 0 0.57 0.69 1.00 0.8 0.0 0.0
6431 32002 69 0 0.57 0.69 1.00 0.8 0.0 0.0
6431 32002 86 0 0.57 0.69 1.00 0.8 0.0 0.0

6432 32002 7 0 0.96 0.77 0.66 1.4 0.0 0.0
6432 32002 8 0 0.96 0.77 0.66 1.4 0.0 0.0
6432 32002 14 0 0.96 0.77 0.66 1.4 0.0 0.0
6432 32002 15 0 0.96 0.77 0.66 1.4 0.0 0.0
6432 32002 25 0 0.96 0.77 0.66 1.4 0.0 0.0
6432 32002 26 0 0.96 0.77 0.66 1.4 0.0 0.0
6432 32002 44 0 0.96 0.77 0.66 1.0 0.0 0.0
6432 32002 45 0 0.96 0.77 0.66 1.0 0.0 0.0
6432 32002 46 0 0.96 0.77 0.66 1.0 0.0 0.0
6432 32002 65 0 0.96 0.77 0.66 1.4 0.0 0.0
6432 32002 66 0 0.96 0.77 0.66 1.4 0.0 0.0
6432 32002 72 0 0.96 0.77 0.66 1.4 0.0 0.0
6432 32002 73 0 0.96 0.77 0.66 1.4 0.0 0.0
6432 32002 80 0 0.96 0.77 0.66 1.4 0.0 0.0
6432 32002 81 0 0.96 0.77 0.66 1.0 0.0 0.0
6432 32002 98 0 0.96 0.77 0.66 1.0 0.0 0.0
6432 32002 99 0 0.96 0.77 0.66 1.0 0.0 0.0
6432 32002 100 0 0.96 0.77 0.66 1.0 0.0 0.0
6432 32380 9 0 0.53 0.37 1.00 0.4 0.0 0.0
6432 32380 10 0 0.53 0.37 1.00 0.4 0.0 0.0
6432 32380 16 0 0.53 0.37 1.00 0.4 0.0 0.0
6432 32380 17 0 0.53 0.37 1.00 0.4 0.0 0.0
6432 32380 18 0 0.53 0.37 1.00 0.4 0.0 0.0
6432 32380 19 0 0.53 0.37 1.00 0.4 0.0 0.0
6432 32380 20 0 0.53 0.37 1.00 0.4 0.0 0.0
6432 32380 27 0 0.53 0.37 1.00 0.4 0.0 0.0
6432 32380 28 0 0.53 0.37 1.00 0.4 0.0 0.0
6432 32380 29 0 0.53 0.37 1.00 0.4 0.0 0.0
6432 32380 30 0 0.53 0.37 1.00 0.4 0.0 0.0
6432 32380 31 0 0.53 0.37 1.00 0.4 0.0 0.0
6432 32380 32 0 0.53 0.37 1.00 0.4 0.0 0.0
6432 32380 33 0 0.53 0.37 1.00 0.4 0.0 0.0
6432 32380 34 0 0.53 0.37 1.00 0.4 0.0 0.0
6432 32380 35 0 0.53 0.37 1.00 0.4 0.0 0.0
6432 32380 36 0 0.53 0.37 1.00 0.4 0.0 0.0
6432 32380 47 0 0.53 0.37 1.00 0.4 0.0 0.0
6432 32380 48 0 0.53 0.37 1.00 0.4 0.0 0.0
6432 32380 49 0 0.53 0.37 1.00 0.4 0.0 0.0
6432 32380 50 0 0.53 0.37 1.00 0.4 0.0 0.0
6432 32380 51 0 0.53 0.37 1.00 0.4 0.0 0.0
6432 32380 52 0 0.53 0.37 1.00 0.4 0.0 0.0
6432 32380 53 0 0.53 0.37 1.00 0.4 0.0 0.0
6432 32380 54 0 0.53 0.37 1.00 0.4 0.0 0.0
6432 32380 55 0 0.53 0.37 1.00 0.4 0.0 0.0
6432 32380 56 0 0.53 0.37 1.00 0.4 0.0 0.0
6432 32380 67 0 0.53 0.37 1.00 0.4 0.0 0.0
6432 32380 68 0 0.53 0.37 1.00 0.4 0.0 0.0
6432 32380 74 0 0.53 0.37 1.00 0.4 0.0 0.0
6432 32380 75 0 0.53 0.37 1.00 0.4 0.0 0.0
6432 32380 82 0 0.53 0.37 1.00 0.4 0.0 0.0
6432 32380 83 0 0.53 0.37 1.00 0.4 0.0 0.0
6432 32380 84 0 0.53 0.37 1.00 0.4 0.0 0.0
6432 32380 85 0 0.53 0.37 1.00 0.4 0.0 0.0
6432 32380 86 0 0.53 0.37 1.00 0.4 0.0 0.0
6432 32380 87 0 0.53 0.37 1.00 0.4 0.0 0.0
6432 32380 88 0 0.53 0.37 1.00 0.4 0.0 0.0
6432 32380 89 0 0.53 0.37 1.00 0.4 0.0 0.0
6432 32380 90 0 0.53 0.37 1.00 0.4 0.0 0.0
6432 32380 91 0 0.53 0.37 1.00 0.4 0.0 0.0
6432 32380 101 0 0.53 0.37 1.00 0.4 0.0 0.0
6432 32380 102 0 0.53 0.37 1.00 0.4 0.0 0.0
6432 32380 103 0 0.53 0.37 1.00 0.4 0.0 0.0
6432 32380 104 0 0.53 0.37 1.00 0.4 0.0 0.0
6432 32380 105 0 0.53 0.37 1.00 0.4 0.0 0.0
6432 32380 106 0 0.53 0.37 1.00 0.4 0.0 0.0
6432 32380 107 0 0.53 0.37 1.00 0.4 0.0 0.0
6432 32380 108 0 0.53 0.37 1.00 0.4 0.0 0.0
6432 32380 109 0 0.53 0.37 1.00 0.4 0.0 0.0
6432 32380 110 0 0.53 0.37 1.00 0.4 0.0 0.0
6432 32380 113 0 0.53 0.37 1.00 0.4 0.0 0.0
6432 32380 114 0 0.53 0.37 1.00 0.4 0.0 0.0
6432 32380 115 0 0.53 0.37 1.00 0.4 0.0 0.0
6432 32002 21 0 1.00 0.96 0.36 0.5 0.0 0.0
6432 32002 38 0 1.00 0.96 0.36 1.0 0.0 0.0
6432 32002 58 0 1.00 0.96 0.36 1.0 0.0 0.0
6432 32501 21 0 1.00 0.96 0.36 0.2 0.0 0.0
6432 32501 38 0 1.00 0.96 0.36 0.3 0.0 0.0
6432 32501 58 0 1.00 0.96 0.36 0.4 0.0 0.0
6432 32002 76 0 1.00 0.96 0.36 0.5 0.0 0.0
6432 32002 92 0 1.00 0.96 0.36 1.0 0.0 0.0
6432 32002 112 0 1.00 0.96 0.36 1.0 0.0 0.0
6432 32501 76 0 1.00 0.96 0.36 0.2 0.0 0.0
6432 32501 92 0 1.00 0.96 0.36 0.3 0.0 0.0
6432 32501 112 0 1.00 0.96 0.36 0.4 0.0 0.0
6432 32380 37 0 0.53 0.37 1.00 0.5 0.0 0.0
6432 32002 57 0 0.32 0.88 1.00 1.0 0.0 0.0
6432 32380 116 0 0.53 0.37 1.00 0.5 0.0 0.0
6432 32002 111 0 0.32 0.88 1.00 1.0 0.0 0.0

//Wings of Condemnation
6433 32380 10 0 0.2 0.0 0.0 0.85000001 0.0 0.0
6433 32380 7 0  0.2 0.0 0.0 0.85000001 0.0 0.0
6433 32380 13 0 0.2 0.0 0.0 0.85000001 0.0 0.0
6433 32380 20 0 0.2 0.0 0.0 0.85000001 0.0 0.0
6433 32380 34 0 0.2 0.0 0.0 0.85000001 0.0 0.0
6433 32380 44 0 0.2 0.0 0.0 0.85000001 0.0 0.0
6433 32380 55 0 0.2 0.0 0.0 0.85000001 0.0 0.0
6433 32380 58 0 0.2 0.0 0.0 0.85000001 0.0 0.0
6433 32380 66 0 0.2 0.0 0.0 0.85000001 0.0 0.0
6433 32380 79 0 0.2 0.0 0.0 0.85000001 0.0 0.0
6433 32380 90 0 0.2 0.0 0.0 0.85000001 0.0 0.0
6433 32380 11 0 0.2 0.0 0.0 0.85000001 0.0 0.0
6433 32380 12 0 0.2 0.0 0.0 0.85000001 0.0 0.0
6433 32380 23 0 0.2 0.0 0.0 0.85000001 0.0 0.0
6433 32380 19 0 0.2 0.0 0.0 0.85000001 0.0 0.0
6433 32380 24 0 0.2 0.0 0.0 0.85000001 0.0 0.0
6433 32380 25 0 0.2 0.0 0.0 0.85000001 0.0 0.0
6433 32380 26 0 0.2 0.0 0.0 0.85000001 0.0 0.0
6433 32380 38 0 0.2 0.0 0.0 0.85000001 0.0 0.0
6433 32380 33 0 0.2 0.0 0.0 0.85000001 0.0 0.0
6433 32380 37 0 0.2 0.0 0.0 0.85000001 0.0 0.0
6433 32380 42 0 0.2 0.0 0.0 0.85000001 0.0 0.0
6433 32380 43 0 0.2 0.0 0.0 0.85000001 0.0 0.0
6433 32380 61 0 0.2 0.0 0.0 0.85000001 0.0 0.0
6433 32380 59 0 0.2 0.0 0.0 0.85000001 0.0 0.0
6433 32380 60 0 0.2 0.0 0.0 0.85000001 0.0 0.0
6433 32380 69 0 0.2 0.0 0.0 0.85000001 0.0 0.0
6433 32380 65 0 0.2 0.0 0.0 0.85000001 0.0 0.0
6433 32380 70 0 0.2 0.0 0.0 0.85000001 0.0 0.0
6433 32380 71 0 0.2 0.0 0.0 0.85000001 0.0 0.0
6433 32380 82 0 0.2 0.0 0.0 0.85000001 0.0 0.0
6433 32380 83 0 0.2 0.0 0.0 0.85000001 0.0 0.0
6433 32380 78 0 0.2 0.0 0.0 0.85000001 0.0 0.0
6433 32380 84 0 0.2 0.0 0.0 0.85000001 0.0 0.0
6433 32380 88 0 0.2 0.0 0.0 0.85000001 0.0 0.0
6433 32380 89 0 0.2 0.0 0.0 0.85000001 0.0 0.0
6433 32380 8 0  0.2 0.0 0.0 0.65000002 0.0 0.0
6433 32380 9 0  0.2 0.0 0.0 0.65000002 0.0 0.0
6433 32380 14 0 0.2 0.0 0.0 0.65000002 0.0 0.0
6433 32380 21 0 0.2 0.0 0.0 0.65000002 0.0 0.0
6433 32380 35 0 0.2 0.0 0.0 0.65000002 0.0 0.0
6433 32380 45 0 0.2 0.0 0.0 0.65000002 0.0 0.0
6433 32380 54 0 0.2 0.0 0.0 0.65000002 0.0 0.0
6433 32380 57 0 0.2 0.0 0.0 0.65000002 0.0 0.0
6433 32380 67 0 0.2 0.0 0.0 0.65000002 0.0 0.0
6433 32380 80 0 0.2 0.0 0.0 0.65000002 0.0 0.0
6433 32380 91 0 0.2 0.0 0.0 0.65000002 0.0 0.0
6433 32380 9 0  0.2 0.0 0.0 0.35000001 0.0 0.0
6433 32380 15 0 0.2 0.0 0.0 0.35000001 0.0 0.0
6433 32380 22 0 0.2 0.0 0.0 0.35000001 0.0 0.0
6433 32380 36 0 0.2 0.0 0.0 0.35000001 0.0 0.0
6433 32380 46 0 0.2 0.0 0.0 0.35000001 0.0 0.0
6433 32380 53 0 0.2 0.0 0.0 0.35000001 0.0 0.0
6433 32380 56 0 0.2 0.0 0.0 0.35000001 0.0 0.0
6433 32380 68 0 0.2 0.0 0.0 0.35000001 0.0 0.0
6433 32380 81 0 0.2 0.0 0.0 0.35000001 0.0 0.0
6433 32380 92 0 0.2 0.0 0.0 0.35000001 0.0 0.0
6433 32380 39 0 0.30000001 0.0 0.0 0.45000001 0.0 0.0
6433 32380 40 0 0.30000001 0.0 0.0 0.45000001 0.0 0.0
6433 32380 41 0 0.30000001 0.0 0.0 0.45000001 0.0 0.0
6433 32380 27 0 0.30000001 0.0 0.0 0.45000001 0.0 0.0
6433 32380 28 0 0.30000001 0.0 0.0 0.45000001 0.0 0.0
6433 32380 29 0 0.30000001 0.0 0.0 0.45000001 0.0 0.0
6433 32380 87 0 0.30000001 0.0 0.0 0.45000001 0.0 0.0
6433 32380 85 0 0.30000001 0.0 0.0 0.45000001 0.0 0.0
6433 32380 86 0 0.30000001 0.0 0.0 0.45000001 0.0 0.0
6433 32380 74 0 0.30000001 0.0 0.0 0.45000001 0.0 0.0
6433 32380 73 0 0.30000001 0.0 0.0 0.45000001 0.0 0.0
6433 32380 72 0 0.30000001 0.0 0.0 0.45000001 0.0 0.0
6433 32380 39 0 0.4000000059604645 0.0 0.0 0.69999999 0.0 0.0
6433 32380 40 0 0.4000000059604645 0.0 0.0 0.69999999 0.0 0.0
6433 32380 41 0 0.4000000059604645 0.0 0.0 0.69999999 0.0 0.0
6433 32380 27 0 0.4000000059604645 0.0 0.0 0.69999999 0.0 0.0
6433 32380 28 0 0.4000000059604645 0.0 0.0 0.69999999 0.0 0.0
6433 32380 29 0 0.4000000059604645 0.0 0.0 0.69999999 0.0 0.0
6433 32380 87 0 0.4000000059604645 0.0 0.0 0.69999999 0.0 0.0
6433 32380 85 0 0.4000000059604645 0.0 0.0 0.69999999 0.0 0.0
6433 32380 86 0 0.4000000059604645 0.0 0.0 0.69999999 0.0 0.0
6433 32380 74 0 0.4000000059604645 0.0 0.0 0.69999999 0.0 0.0
6433 32380 73 0 0.4000000059604645 0.0 0.0 0.69999999 0.0 0.0
6433 32380 72 0 0.4000000059604645 0.0 0.0 0.69999999 0.0 0.0

//Wings of Silence
6434 32380 10 0 0.25 0.1 0.77999997 1.8 0.0 0.0
6434 32380 23 0 0.25 0.1 0.77999997 1.8 0.0 0.0
6434 32380 15 0 0.25 0.1 0.77999997 1.8 0.0 0.0
6434 32380 34 0 0.25 0.1 0.77999997 1.8 0.0 0.0
6434 32380 51 0 0.25 0.1 0.77999997 1.8 0.0 0.0
6434 32380 67 0 0.25 0.1 0.77999997 1.8 0.0 0.0
6434 32380 59 0 0.25 0.1 0.77999997 1.8 0.0 0.0
6434 32380 78 0 0.25 0.1 0.77999997 1.8 0.0 0.0
6434 32380 9 0 0.25 0.1 0.77999997 0.40000001 0.0 0.0
6434 32380 24 0 0.25 0.1 0.77999997 0.40000001 0.0 0.0
6434 32380 16 0 0.25 0.1 0.77999997 0.40000001 0.0 0.0
6434 32380 35 0 0.25 0.1 0.77999997 0.40000001 0.0 0.0
6434 32380 42 0 0.25 0.1 0.77999997 0.40000001 0.0 0.0
6434 32380 52 0 0.25 0.1 0.77999997 0.40000001 0.0 0.0
6434 32380 68 0 0.25 0.1 0.77999997 0.40000001 0.0 0.0
6434 32380 60 0 0.25 0.1 0.77999997 0.40000001 0.0 0.0
6434 32380 79 0 0.25 0.1 0.77999997 0.40000001 0.0 0.0
6434 32380 86 0 0.25 0.1 0.77999997 0.40000001 0.0 0.0
6434 32380 8 0 0.25 0.1 0.77999997 0.40000001 0.0 0.0
6434 32380 25 0 0.25 0.1 0.77999997 0.40000001 0.0 0.0
6434 32380 17 0 0.25 0.1 0.77999997 0.40000001 0.0 0.0
6434 32380 36 0 0.25 0.1 0.77999997 0.40000001 0.0 0.0
6434 32380 43 0 0.25 0.1 0.77999997 0.40000001 0.0 0.0
6434 32380 53 0 0.25 0.1 0.77999997 0.40000001 0.0 0.0
6434 32380 69 0 0.25 0.1 0.77999997 0.40000001 0.0 0.0
6434 32380 61 0 0.25 0.1 0.77999997 0.40000001 0.0 0.0
6434 32380 80 0 0.25 0.1 0.77999997 0.40000001 0.0 0.0
6434 32380 87 0 0.25 0.1 0.77999997 0.40000001 0.0 0.0
6434 32380 7 0 0.25 0.1 0.77999997 0.30000001 0.0 0.0
6434 32380 26 0 0.25 0.1 0.77999997 0.30000001 0.0 0.0
6434 32380 18 0 0.25 0.1 0.77999997 0.30000001 0.0 0.0
6434 32380 37 0 0.25 0.1 0.77999997 0.30000001 0.0 0.0
6434 32380 44 0 0.25 0.1 0.77999997 0.30000001 0.0 0.0
6434 32380 54 0 0.25 0.1 0.77999997 0.30000001 0.0 0.0
6434 32380 70 0 0.25 0.1 0.77999997 0.30000001 0.0 0.0
6434 32380 62 0 0.25 0.1 0.77999997 0.30000001 0.0 0.0
6434 32380 81 0 0.25 0.1 0.77999997 0.30000001 0.0 0.0
6434 32380 88 0 0.25 0.1 0.77999997 0.30000001 0.0 0.0
6434 32002 27 0 0.34999999 0.38999999 1.0 1.8 0.0 0.0
6434 32002 71 0 0.34999999 0.38999999 1.0 1.8 0.0 0.0
6434 32002 28 0 0.34999999 0.38999999 1.0 

end