//========================================================================================================================================
// GHOST HORSE
//========================================================================================================================================
//ItemIndex   EffectIndex   EffectValue   EffectLevel   ColorR   ColorG   ColorB  EffectType     EffectSize   ColorSide  
6856          32394         42            0             0.35     0.68     1.0     0.0         0.75         0.0
6856          32394         52            0             0.35     0.68     1.0     0.0         0.75         0.0
6856          32394         74            0             0.35     0.68     1.0     0.0         0.75         0.0
6856          32394         85            0             0.35     0.68     1.0     0.0         0.75         0.0
//========================================================================================================================================
// RED HORSE
//========================================================================================================================================
//ItemIndex   EffectIndex   EffectValue   EffectLevel   ColorR   ColorG   ColorB  EffectType     EffectSize   ColorSide  
6905         32394         42            0              1.00     0.68     0.35     0.0         0.75         0.0
6905         32394         52            0             1.00      0.68     0.35     0.0         0.75         0.0
6905         32394         74            0             1.00      0.68     0.35     0.0         0.75         0.0
6905         32394         85            0             1.00      0.68     0.35     0.0         0.75         0.0

//========================================================================================================================================
// GOLD HORSE
//========================================================================================================================================
//ItemIndex   EffectIndex   EffectValue   EffectLevel   ColorR   ColorG   ColorB  EffectType     EffectSize   ColorSide  
6906       32394         42            0            1.0     0.5     0.00     0.0         0.75         0.0
6906        32394         52            0             1.0     0.5     0.00    0.0         0.75         0.0
6906        32394         74            0             1.0     0.5     0.00     0.0         0.75         0.0
6906        32394         85            0             1.0     0.5     0.00     0.0         0.75         0.0 
//========================================================================================================================================
// PETS
//========================================================================================================================================
//ItemIndex   EffectIndex   EffectValue   EffectLevel   ColorR   ColorG   ColorB  EffectType     EffectSize   ColorSide 
6857 	      32002 	    29 	          0 	        1.5 	 0.00 	  0.00	  1.0 	         0.3 	      0.5       // Dragon Knight
6857   	      32002 	    41 	          0 	        1.5 	 0.00 	  0.00 	  1.0 	         0.3 	      0.5       // Dragon Knight
6857 	      32002 	    31 	          0 	        1.5 	 0.00 	  0.00	  1.0 	         0.3 	      0.5       // Dragon Knight
6857   	      32002 	    43 	          0 	        1.5 	 0.00 	  0.00 	  1.0 	         0.3 	      0.5       // Dragon Knight
6859          32119         9             0             1.0      0.33     0.94    1.0            -0.5         0.2       // Fairy Elf
6861          32113         4             0             1.00     0.95     0.49    7.0     	 0.4          0.3       // Luki Lv 2
6863          32113         20            0             1.44     0.85     0.27    7.0     	 0.4          0.3       // William Lv 2
6863          32113         27            0             1.44     0.85     0.27    7.0      	 0.4          0.3       // William Lv 2
6865          32119         5             0             0.50     1.00     2.55    1.0      	 0.4          0.3       // Tibetton Lv 2
6867          32119         20            0             0.50     1.00     2.55    1.0     	 0.4          0.3       // Wooparoo Lv 2
6867          32119         27            0             0.50     1.00     2.55    1.0      	 0.4          0.3       // Wooparoo Lv 2
6869          32113         17            0             1.00     0.95     0.49    7.0     	 0.4          0.3       // Chiron Lv 2
6871          32113         5             0             1.49     2.13     1.98    7.0     	 0.0          0.0       // Desmodus Lv 2
6874          32113         1             0             1.49     2.13     1.98    7.0     	 0.0          0.0       // Rune Wizard
6876          32113         6             0             1.44     0.85     0.27    7.0     	 0.4          0.3       // Prince

6889          32394         38            0             0.35     0.68     1.00    0.0            0.5          2.0       // Kundun Lv2
6891          32049         14            0             0.50     1.00     2.55    1.0            1.5          2.0       // Nightmare Lv2
6891          32049         47            0             2.55     2.55     2.55    7.0            0.5          2.0       // Nightmare Lv2
6893          32394         19            0             0.80     1.59     0.12    0.0            0.3          2.0       // HellMaine Lv2
6893          32394         30            0             0.80     1.59     0.12    0.0            0.3          2.0       // HellMaine Lv2
6899          32394         76            0             2.55     0.69     0.00    0.0            0.5          2.0       // Lord Silvester Lv2
6899          32394         45            0             2.55     0.69     0.00    0.0            0.3          2.0       // Lord Silvester Lv2

6902        32394         19            0             0.0     0.5     1.0     0.0         1.75         0.0
6902        32394         60           0            0.0     0.5     1.0     0.0         1.75         0.0 
6902        32394         103            0             0.0     0.5     1.0     0.0         1.75         0.0
6902        32394         121            0            0.0     0.5     01.0     0.0         1.75         0.0

6903        32394         19            0             1.0     0.2     0.0     0.0         1.75         0.0
6903        32394         60            0             1.0     0.2     0.0     0.0         1.75         0.0 
6903        32394         103            0             1.0     0.2     0.0     0.0         1.75         0.0
6903        32394         121            0             1.0     0.2     0.0     0.0         1.75         0.0  

6904        32394         22            0             1.0     0.5     0.0     0.0         0.75         0.0
6904        32394         28            0             1.0     0.5     0.0     0.0         0.75         0.0 
6904        32394         37            0             1.0     0.5     0.0     0.0         0.75         0.0
6904        32394         45            0             1.0     0.5     0.0     0.0         0.75         0.0 



//Pierce Ryan
6907       32394         58            0              0.6     0.6     0.8       1.0                    0.7                0.0			
6907       32394         77            0              0.6     0.6     0.8       1.0                    0.7                0.0		
6907       32394         145            0             0.6     0.6     0.8       1.0                    0.7                0.0		
6907       32394         125            0             0.6     0.6     0.8       1.0                    0.7                0.0				
6907       32394         155            0             0.6     0.6     0.8       1.0                    0.4                0.0	
//Pierce Ryan Lvl 2
6908        32392         58            0              1.00     1.00     1.00       1.0                    0.7                0.0			
6908        32392         77            0              1.00     1.00     1.00       1.0                    0.7                0.0		
6908        32392         145            0              1.00     1.00     1.00       1.0                    0.7                0.0		
6908        32392         125            0              1.00     1.00     1.00       1.0                    0.7                0.0				
6908        32392         155            0              1.00     1.00     1.00       1.0                    0.4                0.0			
	