//=========================================================================================================================================
// HELMETS
//=========================================================================================================================================
//Section   Type   StatType   OptionIndex1   OptionIndex2
//========================================================
//Sword
//===============================================
0	    2	   0	      21	     0
0	    14	   0	      11	     0
0       32	   0          37	     38

//===============================================
//Mace
//===============================================
2	    1	   0	      1	             0

//===============================================
//Bow
//===============================================
4	    5	   1	      29	     0
4	    9	   1	      23	     0

//===============================================
//Staff
//===============================================
5	    0	   2	      13	     0

//===============================================
//Shield
//===============================================
6	    0	   3	      2	             0
6	    6	   3	      17	     0
6	    9	   3	      5	             0

//===============================================
//Helm
//===============================================
7	    0	   3	      4	             0
7	    1	   3	      11	     12
7	    2	   3	      13	     14
7	    3	   3	      19	     20
7	    4	   3	      0 	     16
7	    5	   3	      1	             2
7	    6	   3	      5	             6
7	    7	   3	      17	     0
7	    8	   3	      8	             0
7	    9	   3	      10	     9
7	    10	   3	      21	     22
7	    11	   3	      23	     0
7	    12	   3	      25	     0
7	    13	   3	      0 	     28
7	    14	   3	      0	             30
7	    26	   3	      33	     0
7	    40	   3	      35	     36
7           59	   3          37	     0
7           62	   3          39	     0
7           63	   3          40	     0
7           64	   3          41	     0
7           65	   3          42	     0
7           66	   3          43	     0
7           67	   3          44	     0
7           68	   3          45	     0
7           69	   3          46	     0
7           70	   3          47	     0
7           72	   3          49	     0



7           98     3          78             0
7           99     3          80             0
7          100     3          82             0
7          101     3          84             0
7          103     3          88             0
7          104     3          90             0

7          138     3          110            0
7          139     3          111            0
7          140     3          112            0

7          141     3          113            0 

7          143     3          115            0
7          144     3          116            0

7          145     3          118            0
7          146     3          119            0
7          147     3          120            0

7          148     3          121            0 

7          150     3          123            0
7          151     3          124            0

7          152     3          132            0
7          153     3          133            0
7          154     3          134            0

7          155     3          135            0 

7          157     3          137            0
7          158     3          138            0

7          159     3          142            0
7          160     3          143            0
7          161     3          144            0


7          162     3          145            0 



7          164     3          147            0
7          165     3          148            0

7          168     3          200            0
7          169     3          201            0
7          170     3          202            0
7          171     3          203            0
7          173     3          205            0
7          174     3          206            0

7          175     3          210            0
7          176     3          211            0
7          177     3          212            0
7          178     3          213            0
7          180     3          215            0
7          181     3          216            0

//=========================================================================================================================================
// ARMORS
//=========================================================================================================================================
//Section   Type   StatType   OptionIndex1   OptionIndex2
8	    0	   3	      3	             0
8	    1	   3	      0	             12
8	    2	   3	      13	     0
8	    3	   3	      19	     20
8	    4	   3	      15	     16
8	    5	   3	      1	             0
8	    6	   3	      5	             6
8	    7	   3	      17	     18
8	    8	   3	      7	             0
8	    9	   3	      10             9
8	    10	   3	      22	     0
8	    11	   3	      23	     0
8	    12	   3	      25	     0
8	    13	   3	      27	     0
8	    14	   3	      29	     30
8	    15	   3	      31	     32
8	    26	   3	      33	     0
8	    40	   3	      0	             36
8           59	   3          37	     38
8           62	   3          39	     0
8           63	   3          40	     0
8           64	   3          41	     0
8           65	   3          42	     0
8           66	   3          43	     0
8           67	   3          44	     0
8           68	   3          45	     0
8           69	   3          46	     0
8           70	   3          47	     0
8           71	   3          48	     0
8           72	   3          49	     0

8           98     3          78             0
8           99     3          80             0
8          100     3          82             0
8          101     3          84             0
8          102     3          86             0
8          103     3          88             0
8          104     3          90             0

8          138     3          110            0
8          139     3          111            0
8          140     3          112            0
8          141     3          113            0
8          142     3          114            0
8          143     3          115            0
8          144     3          116            0


8          145     3          118            0
8          146     3          119            0
8          147     3          120            0
8          148     3          121            0
8          149     3          122            0
8          150     3          123            0
8          151     3          124            0

8          152     3          132            0
8          153     3          133            0
8          154     3          134            0
8          155     3          135            0
8          156     3          136            0
8          157     3          137            0
8          158     3          138            0

8          159     3          142            0
8          160     3          143            0
8          161     3          144            0
8          162     3          145            0
8          163     3          146            0
8          164     3          147            0
8          165     3          148            0


8          168     3          200            0
8          169     3          201            0
8          170     3          202            0
8          171     3          203            0
8          172     3          204            0
8          173     3          205            0
8          174     3          206            0

8          175     3          210            0
8          176     3          211            0
8          177     3          212            0
8          178     3          213            0
8          179     3          214            0
8          180     3          215            0
8          181     3          216            0
//=========================================================================================================================================
// PANTS
//=========================================================================================================================================
//Section   Type   StatType   OptionIndex1   OptionIndex2
9	    0	   3	      3	             4
9	    1	   3	      0	             12
9	    2	   3	      13	     14
9	    3	   3	      0	             20
9	    4	   3	      15	     0
9	    5	   3	      1	             2
9	    6	   3	      5	             6
9	    7	   3	      17	     18
9	    8	   3	      7	             8
9	    9	   3	      10	     0
9	    10	   3	      21	     22
9	    11	   3	      23	     24
9	    12	   3	      25	     26
9	    13	   3	      27	     28
9	    14	   3	      0	             30
9	    15	   3	      31	     32
9	    26	   3	      33	     34
9	    40	   3	      35	     0
9           59	   3          37	     38
9           62	   3          39	     0
9           63	   3          40	     0
9           64	   3          41	     0
9           65	   3          42	     0
9           66	   3          43	     0
9           67	   3          44	     0
9           68	   3          45	     0
9           69	   3          46	     0
9           70	   3          47	     0
9           71	   3          48	     0
9           72	   3          49	     0

9           98     3          78             0
9           99     3          80             0
9          100     3          82             0
9          101     3          84             0
9          102     3          86             0
9          103     3          88             0
9          104     3          90             0

9          138     3          110            0
9          139     3          111            0
9          140     3          112            0
9          141     3          113            0
9          142     3          114            0
9          143     3          115            0
9          144     3          116            0


9          145     3          118            0
9          146     3          119            0
9          147     3          120            0
9          148     3          121            0
9          149     3          122            0
9          150     3          123            0
9          151     3          124            0

9          152     3          132            0
9          153     3          133            0
9          154     3          134            0
9          155     3          135            0
9          156     3          136            0
9          157     3          137            0
9          158     3          138            0

9          159     3          142            0
9          160     3          143            0
9          161     3          144            0
9          162     3          145            0
9          163     3          146            0
9          164     3          147            0
9          165     3          148            0

9          168     3          200            0
9          169     3          201            0
9          170     3          202            0
9          171     3          203            0
9          172     3          204            0
9          173     3          205            0
9          174     3          206            0

9          175     3          210            0
9          176     3          211            0
9          177     3          212            0
9          178     3          213            0
9          179     3          214            0
9          180     3          215            0
9          181     3          216            0
//=========================================================================================================================================
// GLOVES
//=========================================================================================================================================
//Section   Type   StatType   OptionIndex1   OptionIndex2
10	    0	   3	      4	             0
10	    1	   3	      11	     0
10	    2	   3	      13	     0
10	    3	   3	      19	     0
10	    4	   3	      0 	     16
10	    5	   3	      1	             0
10	    6	   3	      0	             6
10	    7	   3	      17	     0
10	    8	   3	      7	             0
10	    9	   3	      0	             9
10	    10	   3	      21	     0
10	    11	   3	      23	     24
10	    12	   3	      25	     0
10	    13	   3	      27	     0
10	    14	   3	      29	     0
10	    15	   3	      0	             32
10	    26	   3	      0	             34
10	    40	   3	      35	     36
10          62	   3          39	     0
10          63	   3          40	     0
10          64	   3          41	     0
10          65	   3          42	     0
10          66	   3          43	     0
10          67	   3          44	     0
10          68	   3          45	     0
10          69	   3          46	     0
10          70	   3          47	     0
10          71	   3          48	     0

10          98     3          78             0
10          99     3          80             0
10         100     3          82             0
10         101     3          84             0
10         102     3          86             0
10         103     3          88             0


10         138     3          110            0
10         139     3          111            0
10         140     3          112            0
10         141     3          113            0
10         142     3          114            0
10         143     3          115            0



10         145     3          118            0
10         146     3          119            0
10         147     3          120            0
10         148     3          121            0
10         149     3          122            0
10         150     3          123            0


10         152     3          132            0
10         153     3          133            0
10         154     3          134            0
10         155     3          135            0
10         156     3          136            0
10         157     3          137            0


10         159     3          142            0
10         160     3          143            0
10         161     3          144            0
10         162     3          145            0
10         163     3          146            0
10         164     3          147            0

10         168     3          200            0
10         169     3          201            0
10         170     3          202            0
10         171     3          203            0
10         172     3          204            0
10         173     3          205            0

10         175     3          210            0
10         176     3          211            0
10         177     3          212            0
10         178     3          213            0
10         179     3          214            0
10         180     3          215            0

//=========================================================================================================================================
// BOOTS
//=========================================================================================================================================
//Section   Type   StatType   OptionIndex1   OptionIndex2
11	    0	   3	      3	             0
11	    1	   3	      11	     0
11	    2	   3	      14	     0
11	    3	   3	      0	             20
11	    4	   3	      15	     16
11	    5	   3	      1	             2
11	    6	   3	      0	             6
11	    7	   3	      17	     18
11	    8	   3	      7	             0
11	    9	   3	      0	             9
11	    10	   3	      21	     22
11	    11	   3	      24	     0
11	    12	   3	      25	     26
11	    13	   3	      0	             28
11	    14	   3	      29	     30
11	    15	   3	      31	     0
11	    26	   3	      0	             34
11	    40	   3	      0	             36
11	    59	   3	      38	     0
11	    62	   3	      39	     0
11	    63	   3	      40	     0
11	    64	   3	      41	     0
11	    65	   3	      42	     0
11	    66	   3	      43	     0
11	    67	   3	      44	     0
11	    68	   3	      45	     0
11	    69	   3	      46	     0
11	    70	   3	      47	     0
11	    71	   3	      48	     0
11	    72	   3	      49	     0

11          98     3          78             0
11          99     3          80             0
11         100     3          82             0
11         101     3          84             0
11         102     3          86             0
11         103     3          88             0
11         104     3          90             0

11         138     3          110            0
11         139     3          111            0
11         140     3          112            0
11         141     3          113            0
11         142     3          114            0
11         143     3          115            0
11         144     3          116            0


11         145     3          118            0
11         146     3          119            0
11         147     3          120            0
11         148     3          121            0
11         149     3          122            0
11         150     3          123            0
11         151     3          124            0

11         152     3          132            0
11         153     3          133            0
11         154     3          134            0
11         155     3          135            0
11         156     3          136            0
11         157     3          137            0
11         158     3          138            0

11         159     3          142            0
11         160     3          143            0
11         161     3          144            0
11         162     3          145            0
11         163     3          146            0
11         164     3          147            0
11         165     3          148            0

11         168     3          200            0
11         169     3          201            0
11         170     3          202            0
11         171     3          203            0
11         172     3          204            0
11         173     3          205            0
11         174     3          206            0

11         175     3          210            0
11         176     3          211            0
11         177     3          212            0
11         178     3          213            0
11         179     3          214            0
11         180     3          215            0
11         181     3          216            0
//=========================================================================================================================================
//=========================================================================================================================================
//Section   Type   StatType   OptionIndex1   OptionIndex2
13	    8	   1	      1	             0
13	    9	   3	      9	             33
13	    12	   2	      5	             0
13	    13	   0	      7	             0
13	    21	   2	      19	     32
13	    22	   0	      21	     12
13	    23	   1	      9	             0
13	    24	   2	      13	     35
13	    25	   0	      13	     34
13	    26	   1	      15	     0
13	    27	   3	      31	     0
13	    28	   1	      29	     0
end