0
//Sort   Type   Index   Quantity   Level   Option1   Option2   Option3   NewOption   RequireIndex   RequireState   DW      DK      FE      MG      DL      SU      RF
0        16     0       1          0       0         0         0         0           9              1              1       1       1       0       0       1       0
0        16     0       1          0       0         0         0         0           15             1              1       1       1       0       0       1       0
0        4      7168    5          0       0         0         0         0           20             1              1       1       1       0       0       1       0
0        1      27      3          0       0         0         0         0           23             1              0       0       1       0       0       0       0
0        1      2       3          0       0         0         0         0           24             1              1       1       0       0       0       0       0
0        1      418     3          0       0         0         0         0           25             1              0       0       0       0       0       1       0
0        4      7178    1          0       0         0         0         0           29             1              1       1       1       0       0       1       0
0        32     3       1          0       0         0         0         0           31             1              1       1       1       0       0       1       0
0        1      28      30         0       0         0         0         0           33             1              0       0       1       0       0       0       0
0        1      1       30         0       0         0         0         0           34             1              1       1       0       0       0       0       0
0        1      421     30         0       0         0         0         0           35             1              0       0       0       0       0       1       0
0        2      24      1          0       0         0         0         0           42             1              0       0       1       0       0       0       0
0        2      30      1          0       0         0         0         0           43             1              0       0       1       0       0       0       0
0        2      19      1          0       0         0         0         0           50             1              0       1       0       0       0       0       0
0        2      4       1          0       0         0         0         0           55             1              1       0       0       0       0       1       0
0        8      0       25         0       0         0         0         0           62             1              1       1       1       0       0       1       0
end

1
//Sort   Type   Index   Quantity   Level   Option1   Option2   Option3   NewOption   RequireIndex   RequireState   DW      DK      FE      MG      DL      SU      RF
0        1      12      40         0       0         0         0         0           11             1              1       1       1       1       1       1       1
0        65     1       1          0       0         0         0         0           14             1              1       1       1       1       1       1       1
0        257    1       1          0       0         0         0         0           17             1              1       1       1       1       1       1       1
0        1      13      60         0       0         0         0         0           29             1              1       1       1       1       1       1       1
0        65     2       3          0       0         0         0         0           32             1              1       1       1       1       1       1       1
0        257    2       1          0       0         0         0         0           35             1              1       1       1       1       1       1       1
0        1      10      80         0       0         0         0         0           39             1              1       1       1       1       1       1       1
0        65     3       5          0       0         0         0         0           42             1              1       1       1       1       1       1       1
0        257    3       1          0       0         0         0         0           45             1              1       1       1       1       1       1       1
0        1      37      100        0       0         0         0         0           48             1              1       1       1       1       1       1       1
0        66     4       1          0       0         0         0         0           51             1              1       1       1       1       1       1       1
0        257    4       1          0       0         0         0         0           54             1              1       1       1       1       1       1       1
0        1      70      100        0       0         0         0         0           57             1              1       1       1       1       1       1       1
0        66     5       3          0       0         0         0         0           60             1              1       1       1       1       1       1       1
0        257    5       1          0       0         0         0         0           63             1              1       1       1       1       1       1       1
0        1      59      30         0       0         0         0         0           66             1              1       1       1       1       1       1       1
0        66     6       5          0       0         0         0         0           69             1              1       1       1       1       1       1       1
0        257    6       1          0       0         0         0         0           72             1              1       1       1       1       1       1       1
0        1      444     100        0       0         0         0         0           75             1              1       1       1       1       1       1       1
0        66     7       10         0       0         0         0         0           78             1              1       1       1       1       1       1       1
0        257    7       1          0       0         0         0         0           81             1              1       1       1       1       1       1       1
end

2
//Sort   Type   Index   Quantity   Level   Option1   Option2   Option3   NewOption   RequireIndex   RequireState   DW      DK      FE      MG      DL      SU      RF
0        1      5       40         0       0         0         0         0           11             1              1       1       1       1       1       1       1
0        67     1       1          0       0         0         0         0           14             1              1       1       1       1       1       1       1
0        256    1       1          0       0         0         0         0           17             1              1       1       1       1       1       1       1
0        1      18      60         0       0         0         0         0           29             1              1       1       1       1       1       1       1
0        67     2       1          0       0         0         0         0           32             1              1       1       1       1       1       1       1
0        256    2       1          0       0         0         0         0           35             1              1       1       1       1       1       1       1
0        1      40      80         0       0         0         0         0           39             1              1       1       1       1       1       1       1
0        67     3       1          0       0         0         0         0           42             1              1       1       1       1       1       1       1
0        256    3       1          0       0         0         0         0           45             1              1       1       1       1       1       1       1
0        1      71      80         0       0         0         0         0           48             1              1       1       1       1       1       1       1
0        67     4       1          0       0         0         0         0           51             1              1       1       1       1       1       1       1
0        256    4       1          0       0         0         0         0           54             1              1       1       1       1       1       1       1
0        1      58      100        0       0         0         0         0           57             1              1       1       1       1       1       1       1
0        67     5       1          0       0         0         0         0           60             1              1       1       1       1       1       1       1
0        256    5       1          0       0         0         0         0           63             1              1       1       1       1       1       1       1
0        1      72      100        0       0         0         0         0           66             1              1       1       1       1       1       1       1
0        67     6       1          0       0         0         0         0           69             1              1       1       1       1       1       1       1
0        256    6       1          0       0         0         0         0           72             1              1       1       1       1       1       1       1
0        1      359     100        0       0         0         0         0           75             1              1       1       1       1       1       1       1
0        67     7       1          0       0         0         0         0           78             1              1       1       1       1       1       1       1
0        256    7       1          0       0         0         0         0           81             1              1       1       1       1       1       1       1
0        1      360     100        0       0         0         0         0           84             1              1       1       1       1       1       1       1
0        67     8       1          0       0         0         0         0           87             1              1       1       1       1       1       1       1
0        256    8       1          0       0         0         0         0           90             1              1       1       1       1       1       1       1
end

3
//Sort   Type   Index   Quantity   Level   Option1   Option2   Option3   NewOption   RequireIndex   RequireState   DW      DK      FE      MG      DL      SU      RF
0        1      422     40         0       0         0         0         0           11             1              1       1       1       1       1       1       1
0        260    1       50         0       0         0         0         0           14             1              1       1       1       1       1       1       1
0        258    1       1          0       0         0         0         0           17             1              1       1       1       1       1       1       1
0        1      41      60         0       0         0         0         0           29             1              1       1       1       1       1       1       1
0        260    2       100        0       0         0         0         0           32             1              1       1       1       1       1       1       1
0        258    2       1          0       0         0         0         0           35             1              1       1       1       1       1       1       1
0        1      69      80         0       0         0         0         0           39             1              1       1       1       1       1       1       1
0        260    3       130        0       0         0         0         0           42             1              1       1       1       1       1       1       1
0        258    3       1          0       0         0         0         0           45             1              1       1       1       1       1       1       1
0        1      57      100        0       0         0         0         0           48             1              1       1       1       1       1       1       1
0        260    4       160        0       0         0         0         0           51             1              1       1       1       1       1       1       1
0        258    4       1          0       0         0         0         0           54             1              1       1       1       1       1       1       1
0        1      61      100        0       0         0         0         0           57             1              1       1       1       1       1       1       1
0        260    5       190        0       0         0         0         0           60             1              1       1       1       1       1       1       1
0        258    5       1          0       0         0         0         0           63             1              1       1       1       1       1       1       1
0        1      454     120        0       0         0         0         0           66             1              1       1       1       1       1       1       1
0        260    6       210        0       0         0         0         0           69             1              1       1       1       1       1       1       1
0        258    6       1          0       0         0         0         0           72             1              1       1       1       1       1       1       1
0        1      445     140        0       0         0         0         0           75             1              1       1       1       1       1       1       1
0        260    7       240        0       0         0         0         0           78             1              1       1       1       1       1       1       1
0        258    7       1          0       0         0         0         0           81             1              1       1       1       1       1       1       1
end

4
//Sort   Type   Index   Quantity   Level   Option1   Option2   Option3   NewOption    RequireIndex   RequireState   DW      DK      FE      MG      DL      SU      RF
0        1      60      50         0       0         0         0         0           11             1              1       1       1       1       1       1       1
0        259    1       1          0       0         0         0         0           14             1              1       1       1       1       1       1       1
0        1      57      70         0       0         0         0         0           26             1              1       1       1       1       1       1       1
0        259    2       1          0       0         0         0         0           29             1              1       1       1       1       1       1       1
0        1      73      90         0       0         0         0         0           33             1              1       1       1       1       1       1       1
0        259    3       1          0       0         0         0         0           36             1              1       1       1       1       1       1       1
0        1      63      30         0       0         0         0         0           39             1              1       1       1       1       1       1       1
0        259    4       1          0       0         0         0         0           42             1              1       1       1       1       1       1       1
0        1      75      130        0       0         0         0         0           45             1              1       1       1       1       1       1       1
0        259    5       1          0       0         0         0         0           48             1              1       1       1       1       1       1       1
0        1      446     150        0       0         0         0         0           51             1              1       1       1       1       1       1       1
0        259    6       1          0       0         0         0         0           54             1              1       1       1       1       1       1       1
end

5
//Sort   Type   Index   Quantity   Level   Option1   Option2   Option3   NewOption   RequireIndex   RequireState   DW      DK      FE      MG      DL      SU      RF
0        65     5       5          0       0         0         0         0           4              1              1       1       1       1       1       1       1
1        256    5       1          0       0         0         0         0           4              1              1       1       1       1       1       1       1
2        258    4       1          0       0         0         0         0           4              1              1       1       1       1       1       1       1
0        259    1       1          0       0         0         0         0           7              1              1       1       1       1       1       1       1
0        65     6       10         0       0         0         0         0           10             1              1       1       1       1       1       1       1
1        256    6       1          0       0         0         0         0           10             1              1       1       1       1       1       1       1
2        258    5       1          0       0         0         0         0           10             1              1       1       1       1       1       1       1
0        259    2       1          0       0         0         0         0           13             1              1       1       1       1       1       1       1
0        65     6       20         0       0         0         0         0           16             1              1       1       1       1       1       1       1
1        256    7       1          0       0         0         0         0           16             1              1       1       1       1       1       1       1
2        258    6       1          0       0         0         0         0           16             1              1       1       1       1       1       1       1
0        259    3       1          0       0         0         0         0           19             1              1       1       1       1       1       1       1
0        65     6       30         0       0         0         0         0           22             1              1       1       1       1       1       1       1
1        256    7       1          0       0         0         0         0           22             1              1       1       1       1       1       1       1
2        258    6       1          0       0         0         0         0           22             1              1       1       1       1       1       1       1
0        259    4       1          0       0         0         0         0           25             1              1       1       1       1       1       1       1
0        257    6       1          0       0         0         0         0           28             1              1       1       1       1       1       1       1
1        256    7       1          0       0         0         0         0           28             1              1       1       1       1       1       1       1
2        258    6       1          0       0         0         0         0           28             1              1       1       1       1       1       1       1
0        259    5       1          0       0         0         0         0           31             1              1       1       1       1       1       1       1
0        257    7       1          0       0         0         0         0           34             1              1       1       1       1       1       1       1
1        256    8       1          0       0         0         0         0           34             1              1       1       1       1       1       1       1
2        258    7       1          0       0         0         0         0           34             1              1       1       1       1       1       1       1
0        259    6       1          0       0         0         0         0           37             1              1       1       1       1       1       1       1
end

6
//Sort   Type   Index   Quantity   Level   Option1   Option2   Option3   NewOption   RequireIndex   RequireState   DW      DK      FE      MG      DL      SU      RF
0        4      7332    1          0       0         0         0         0           *              40             100            4              1              1       1       1       1       1       1       1
0        4      7333    1          0       0         0         0         0           *              52             100            9              1              1       1       1       1       1       1       1
0        4      7334    1          0       0         0         0         0           *              69             100            14             1              1       1       1       1       1       1       1
end

7
//Sort   Type   Index   Quantity   Level   Option1   Option2   Option3   NewOption   RequireIndex   RequireState   DW      DK      FE      MG      DL      SU      RF
0        4      6344    1          0       0         0         0         0           5              1              1       1       1       1       1       1       1
0        1      586     20         0       0         0         0         0           10             1              1       1       1       1       1       1       1
0        4      6288    1          0       0         0         0         0           16             1              1       1       1       1       1       1       1
0        4      6290    5          0       0         0         0         0           19             1              1       1       1       1       1       1       1
0        1      587     20         0       0         0         0         0           26             1              1       1       1       1       1       1       1
0        1      586     30         0       0         0         0         0           29             1              1       1       1       1       1       1       1
0        1      587     30         0       0         0         0         0           32             1              1       1       1       1       1       1       1
0        1      588     30         0       0         0         0         0           35             1              1       1       1       1       1       1       1
0        1      589     30         0       0         0         0         0           38             1              1       1       1       1       1       1       1
0        1      590     30         0       0         0         0         0           41             1              1       1       1       1       1       1       1
0        1      591     30         0       0         0         0         0           44             1              1       1       1       1       1       1       1
0        1      586     50         0       0         0         0         0           47             1              1       1       1       1       1       1       1
0        1      587     50         0       0         0         0         0           50             1              1       1       1       1       1       1       1
0        1      588     50         0       0         0         0         0           53             1              1       1       1       1       1       1       1
0        1      589     50         0       0         0         0         0           56             1              1       1       1       1       1       1       1
0        1      590     50         0       0         0         0         0           59             1              1       1       1       1       1       1       1
0        1      591     50         0       0         0         0         0           62             1              1       1       1       1       1       1       1
end

8
//Sort   Type   Index   Quantity   Level   Option1   Option2   Option3   NewOption   RequireIndex   RequireState   DW      DK      FE      MG      DL      SU      RF
0        1      6804    10         0       0         0         0         0            1              1              1       1       1       1       1       1       1
0        1      6807    1          0       0         0         0         0           4              1              1       1       1       1       1       1       1
end

9
//Sort   Type   Index   Quantity   Level   Option1   Option2   Option3   NewOption   RequireIndex   RequireState   DW      DK      FE      MG      DL      SU      RF
0        1      6805    10         0       0         0         0         0            1              1              1       1       1       1       1       1       1
0        1      6807    1          0       0         0         0         0           4              1              1       1       1       1       1       1       1
end

10
//Sort   Type   Index   Quantity   Level   Option1   Option2   Option3   NewOption   RequireIndex   RequireState   DW      DK      FE      MG      DL      SU      RF
0        1      6806    10         0       0         0         0         0           1              1              1       1       1       1       1       1       1
0        1      6807    1          0       0         0         0         0           4              1              1       1       1       1       1       1       1
end

11
//Sort   Type   Index   Quantity   Level   Option1   Option2   Option3   NewOption   RequireIndex   RequireState   DW      DK      FE      MG      DL      SU      RF
0        1      6804    20         0       0         0         0         0           1              1              1       1       1       1       1       1       1
0        1      6805    20         0       0         0         0         0           4              1              1       1       1       1       1       1       1
0        1      6806    20         0       0         0         0         0           7              1              1       1       1       1       1       1       1
0        1      6807    5          0       0         0         0         0           10             1              1       1       1       1       1       1       1
end

15
//Sort   Type   Index   Quantity   Level   Option1   Option2   Option3   NewOption   RequireIndex   RequireState   DW      DK      FE      MG      DL      SU      RF
0        1      46      50         0       0         0         0         0           2              1              1       1       1       1       1       1       1
0        1      308     50         0       0         0         0         0           5              1              1       1       1       1       1       1       1
0        1      351     50         0       0         0         0         0           8              1              1       1       1       1       1       1       1
0        1      486     50         0       0         0         0         0           11             1              1       1       1       1       1       1       1
0        1      442     50         0       0         0         0         0           14             1              1       1       1       1       1       1       1
end

16
//Sort   Type   Index   Quantity   Level   Option1   Option2   Option3   NewOption   RequireIndex   RequireState   DW      DK      FE      MG      DL      SU      RF
0        1      52      50         0       0         0         0         0           2              1              1       1       1       1       1       1       1
0        1      306     50         0       0         0         0         0           5              1              1       1       1       1       1       1       1
0        1      352     50         0       0         0         0         0           8              1              1       1       1       1       1       1       1
0        1      489     50         0       0         0         0         0           11             1              1       1       1       1       1       1       1
0        1      448     50         0       0         0         0         0           14             1              1       1       1       1       1       1       1
end

17
//Sort   Type   Index   Quantity   Level   Option1   Option2   Option3   NewOption   RequireIndex   RequireState   DW      DK      FE      MG      DL      SU      RF
0        1      3       10         0       0         0         0         0           1              1              1       1       1       1       1       1       1
0        1      7       15         0       0         0         0         0           4              1              0       1       0       1       1       0       1
0        1      6       15         0       0         0         0         0           5              1              1       0       0       0       0       0       0
0        1      31      15         0       0         0         0         0           6              1              0       0       1       0       0       0       0
0        1      421     15         0       0         0         0         0           7              1              0       0       0       0       0       1       0
0        1      14      20         0       0         0         0         0           10             1              0       1       0       1       1       0       1
0        1      7       20         0       0         0         0         0           11             1              1       0       0       0       0       0       0
0        1      32      20         0       0         0         0         0           12             1              0       0       1       0       0       0       0
0        1      419     20         0       0         0         0         0           13             1              0       0       0       0       0       1       0
0        1      22      25         0       0         0         0         0           16             1              0       1       1       1       1       0       1
0        1      24      25         0       0         0         0         0           17             1              1       0       0       0       0       1       0
0        1      21      30         0       0         0         0         0           20             1              0       1       1       1       1       0       1
0        1      22      30         0       0         0         0         0           21             1              1       0       0       0       0       1       0
0        1      19      30         0       0         0         0         0           24             1              0       1       1       1       1       0       1
0        1      23      30         0       0         0         0         0           25             1              1       0       0       0       0       1       0
0        1      17      40         0       0         0         0         0           28             1              0       1       1       1       1       0       1
0        1      12      40         0       0         0         0         0           29             1              1       0       0       0       0       1       0
0        1      423     50         0       0         0         0         0           32             1              0       1       1       1       1       0       1
0        1      422     50         0       0         0         0         0           33             1              1       0       0       0       0       1       0
0        1      5       50         0       0         0         0         0           36             1              0       1       1       1       1       0       1
0        1      17      50         0       0         0         0         0           37             1              1       0       0       0       0       1       0
0        1      13      50         0       0         0         0         0           40             1              0       1       1       1       1       0       1
0        1      15      50         0       0         0         0         0           41             1              1       0       0       0       0       1       0
0        1      9       50         0       0         0         0         0           44             1              0       1       1       1       1       0       1
0        1      5       50         0       0         0         0         0           45             1              1       0       0       0       0       1       0
0        1      8       50         0       0         0         0         0           48             1              0       1       1       1       1       0       1
0        1      13      50         0       0         0         0         0           49             1              1       0       0       0       0       1       0
0        1      10      50         0       0         0         0         0           52             1              0       1       1       1       1       0       1
0        1      9       50         0       0         0         0         0           53             1              1       0       0       0       0       1       0
0        1      18      15         0       0         0         0         0           56             1              0       1       1       1       1       0       1
0        1      8       50         0       0         0         0         0           57             1              1       0       0       0       0       1       0
0        1      36      50         0       0         0         0         0           60             1              0       1       1       1       1       0       1
0        1      25      3          0       0         0         0         0           61             1              1       0       0       0       0       1       0
0        1      39      50         0       0         0         0         0           64             1              0       1       1       1       1       0       1
0        1      424     50         0       0         0         0         0           65             1              1       0       0       0       0       1       0
0        1      34      50         0       0         0         0         0           68             1              0       1       1       1       1       0       1
0        1      425     50         0       0         0         0         0           69             1              1       0       0       0       0       1       0
0        1      41      50         0       0         0         0         0           72             1              0       1       1       1       1       0       1
0        1      36      50         0       0         0         0         0           73             1              1       0       0       0       0       1       0
0        1      37      50         0       0         0         0         0           76             1              0       1       1       1       1       0       1
0        1      34      50         0       0         0         0         0           77             1              1       0       0       0       0       1       0
0        1      40      50         0       0         0         0         0           80             1              0       1       1       1       1       0       1
0        1      41      50         0       0         0         0         0           81             1              1       0       0       0       0       1       0
0        1      35      50         0       0         0         0         0           84             1              0       1       1       1       1       0       1
0        1      37      50         0       0         0         0         0           85             1              1       0       0       0       0       1       0
0        1      38      15         0       0         0         0         0           88             1              0       1       1       1       1       0       1
0        1      40      50         0       0         0         0         0           89             1              1       0       0       0       0       1       0
0        1      38      15         0       0         0         0         0           92             1              0       1       1       1       1       0       1
0        1      40      50         0       0         0         0         0           93             1              1       0       0       0       0       1       0
0        1      62      60         0       0         0         0         0           96             1              1       1       1       1       1       1       1
0        1      62      60         0       0         0         0         0           99             1              1       1       1       1       1       1       1
0        1      60      60         0       0         0         0         0           102            1              1       1       1       1       1       1       1
0        1      60      60         0       0         0         0         0           105            1              1       1       1       1       1       1       1
0        1      57      60         0       0         0         0         0           108            1              1       1       1       1       1       1       1
0        1      57      60         0       0         0         0         0           111            1              1       1       1       1       1       1       1
0        1      69      80         0       0         0         0         0           114            1              1       1       1       1       1       1       1
0        1      69      80         0       0         0         0         0           117            1              1       1       1       1       1       1       1
0        1      71      80         0       0         0         0         0           120            1              1       1       1       1       1       1       1
0        1      71      80         0       0         0         0         0           123            1              1       1       1       1       1       1       1
0        1      70      80         0       0         0         0         0           126            1              1       1       1       1       1       1       1
0        1      70      80         0       0         0         0         0           129            1              1       1       1       1       1       1       1
end

19
//Sort   Type   Index   Quantity   Level   Option1   Option2   Option3   NewOption   RequireIndex   RequireState   DW      DK      FE      MG      DL      SU      RF
0        261    0       1000000    0       0         0         0         0           4              1              1       1       1       1       1       1       1
0        261    0       500000     0       0         0         0         0           7              1              1       1       1       1       1       1       1
0        263    567     1          0       0         0         0         0           9              1              1       1       1       1       1       1       1
0        1      271     30         0       0         0         0         0           12             1              1       1       1       1       1       1       1
1        1      272     20         0       0         0         0         0           12             1              1       1       1       1       1       1       1
0        1      270     30         0       0         0         0         0           15             1              1       1       1       1       1       1       1
1        1      268     20         0       0         0         0         0           15             1              1       1       1       1       1       1       1
0        263    568     1          0       0         0         0         0           16             1              1       1       1       1       1       1       1
0        4      7321    20         0       0         0         0         0          19             1              1       1       1       1       1       1       1
0        4      7322    10         0       0         0         0         0           22             1              1       1       1       1       1       1       1
0        263    0       1          0       0         0         0         0           23             1              1       1       1       1       1       1       1
0        1      486     20         0       0         0         0         0           26             1              1       1       1       1       1       1       1
1        1      487     10         0       0         0         0         0           26             1              1       1       1       1       1       1       1
0        262    63      5          0       0         0         0         0           29             1              1       1       1       1       1       1       1
0        263    567     1          0       0         0         0         0           30             1              1       1       1       1       1       1       1
0        1      273     30         0       0         0         0         0           33             1              1       1       1       1       1       1       1
1        1      269     20         0       0         0         0         0           33             1              1       1       1       1       1       1       1
0        1      274     10         0       0         0         0         0           36             1              1       1       1       1       1       1       1
1        1      338     1          0       0         0         0         0           36             1              1       1       1       1       1       1       1
0        263    568     1          0       0         0         0         0           37             1              1       1       1       1       1       1       1
0        4      7323    20         0       0         0         0         0           40             1              1       1       1       1       1       1       1
0        4      7324    10         0       0         0         0         0          43             1              1       1       1       1       1       1       1
0        263    0       1          0       0         0         0         0           44             1              1       1       1       1       1       1       1
0        1      481     1          0       0         0         0         0           47             1              1       1       1       1       1       1       1
1        1      483     1          0       0         0         0         0           47             1              1       1       1       1       1       1       1
0        262    63      5          0       0         0         0         0           50             1              1       1       1       1       1       1       1
0        263    566     1          0       0         0         0         0           51             1              1       1       1       1       1       1       1
0        1      506     1          0       0         0         0         0           55             1              1       1       1       1       1       1       1
1        1      507     1          0       0         0         0         0           55             1              1       1       1       1       1       1       1
0        1      505     1          0       0         0         0         0           58             1              1       1       1       1       1       1       1
1        1      504     1          0       0         0         0         0           58             1              1       1       1       1       1       1       1
0        4      7320    1          0       0         0         0         0            60             1              1       1       1       1       1       1       1
0        261    0       500000     0       0         0         0         0           72             1              1       1       1       1       1       1       1
0        263    581     1          0       0         0         0         0           74             1              1       1       1       1       1       1       1
0        1      593     30         0       0         0         0         0           77             1              1       1       1       1       1       1       1
0        263    581     1          0       0         0         0         0           78             1              1       1       1       1       1       1       1
0        1      592     30         0       0         0         0         0           81             1              1       1       1       1       1       1       1
0        263    581     1          0       0         0         0         0           82             1              1       1       1       1       1       1       1
0        1      594     30         0       0         0         0         0           85             1              1       1       1       1       1       1       1
0        263    581     1          0       0         0         0         0           86             1              1       1       1       1       1       1       1
0        1      595     30         0       0         0         0         0           89             1              1       1       1       1       1       1       1
0        263    581     1          0       0         0         0         0           90             1              1       1       1       1       1       1       1
0        1      596     30         0       0         0         0         0           93             1              1       1       1       1       1       1       1
0        263    581     1          0       0         0         0         0           94             1              1       1       1       1       1       1       1
0        1      593     10         0       0         0         0         0           97             1              1       1       1       1       1       1       1
1        1      594     10         0       0         0         0         0           97             1              1       1       1       1       1       1       1
2        1      596     10         0       0         0         0         0           97             1              1       1       1       1       1       1       1
0        263    581     1          0       0         0         0         0           98             1              1       1       1       1       1       1       1
0        1      592     10         0       0         0         0         0           101            1              1       1       1       1       1       1       1
1        1      595     10         0       0         0         0         0           101            1              1       1       1       1       1       1       1
2        1      596     10         0       0         0         0         0           101            1              1       1       1       1       1       1       1
0        4      7339    1          0       0         0         0         0            103            1              1       1       1       1       1       1       1
end