0
//Sort   Type   Index   Quantity   Level   Option1   Option2   Option3   NewOption RequireIndex   RequireState   DW      DK      FE      MG      DL      SU      RF
0        1      0       50         0       0         0         0         0            9              1              1       1       1       0       0       1       0
0        1      0       50         0       0         0         0         0            15             1              1       1       1       0       0       1       0
1        2      0       500        0       0         0         0         0            15             1              1       1       1       0       0       1       0
0        1      0       100        0       0         0         0         0            20             1              1       1       1       0       0       1       0
1        2      0       1000       0       0         0         0         0            20             1              1       1       1       0       0       1       0
0        1      0       250        0       0         0         0         0            23             1              0       0       1       0       0       0       0
1        2      0       1000       0       0         0         0         0            23             1              0       0       1       0       0       0       0
0        1      0       250        0       0         0         0         0            24             1              1       1       0       0       0       0       0
1        2      0       1000       0       0         0         0         0            24             1              1       1       0       0       0       0       0
0        1      0       250        0       0         0         0         0            25             1              0       0       0       0       0       1       0
1        2      0       1000       0       0         0         0         0            25             1              0       0       0       0       0       1       0
0        1      0       200        0       0         0         0         0            29             1              1       1       1       0       0       1       0
1        2      0       3000       0       0         0         0         0            29             1              1       1       1       0       0       1       0
0        1      0       100        0       0         0         0         0            31             1              1       1       1       0       0       1       0
0        1      0       5000       0       0         0         0         0            33             1              0       0       1       0       0       0       0
1        2      0       3000       0       0         0         0         0            33             1              0       0       1       0       0       0       0
0        1      0       5000       0       0         0         0         0            34             1              1       1       0       0       0       0       0
1        2      0       3000       0       0         0         0         0            34             1              1       1       0       0       0       0       0
0        1      0       5000       0       0         0         0         0            35             1              0       0       0       0       0       1       0
1        2      0       3000       0       0         0         0         0            35             1              0       0       0       0       0       1       0
0        4      2056    1          3       1         0         0         0            40             1              0       0       1       0       0       0       0
1        2      0       5000       0       0         0         0         0            40             1              0       0       1       0       0       0       0
0        4      6155    1          0       0         0         0         0            41             1              0       0       1       0       0       0       0
0        1      0       300        0       0         0         0         0            42             1              0       0       1       0       0       0       0
0        1      0       300        0       0         0         0         0            43             1              0       0       1       0       0       0       0
0        4      514     1          3       1         0         0         0            49             1              0       1       0       0       0       0       0
0        1      0       300        0       0         0         0         0            50             1              0       1       0       0       0       0       0
0        2      0       10000      0       0         0         0         0            54             1              1       0       0       0       0       0       0
1        4      7683    1          0       0         0         0         0            54             1              1       0       0       0       0       0       0
0        1      0       300        0       0         0         0         0            55             1              1       0       0       0       0       1       0
0        4      6658    1          0       0         0         0         0            62             1              1       1       1       0       0       1       0
0        4      7171    15         0       0         0         0         0            67             1              1       1       1       0       0       1       0
0        2      0       10000      0       0         0         0         0            69             1              0       0       0       0       0       1       0
1        4      7683    1          0       0         0         0         0            69             1              0       0       0       0       0       1       0
0        4      7174    15         0       0         0         0         0            71             1              1       1       1       0       0       1       0
0        4      6656    1          0       0         0         0         0            74             1              1       1       1       0       0       1       0
0        2      0       30000      0       0         0         0         0            77             1              1       1       1       0       0       1       0
0        1      0       3000       0       0         0         0         0            80             1              1       1       1       0       0       1       0
0        2      0       10000      0       0         0         0         0            83             1              1       1       1       0       0       1       0
0        4      6676    1          1       0         0         0         0            90             1              1       1       1       0       0       1       0
1        4      6676    1          2       0         0         0         0            90             1              1       1       1       0       0       1       0
end

1
//Sort   Type   Index   Quantity   Level   Option1   Option2   Option3   NewOption   RequireIndex   RequireState   DW      DK      FE      MG      DL      SU      RF
0        4      6685    1          0       0         0         0         0            8              1              1       1       1       1       1       1       1
0        4      7170    30         0       0         0         0         0            11             1              1       1       1       1       1       1       1
0        4      7173    30         0       0         0         0         0           11             1              1       1       1       1       1       1       1
0        4      7203    4          0       0         0         0         0           11             1              1       1       1       1       1       1       1
0        2      0       100000     0       0         0         0         0            14             1              1       1       1       1       1       1       1
0        2      0       200000     0       0         0         0         0            17             1              1       1       1       1       1       1       1
1        1      0       100000     0       0         0         0         0            17             1              1       1       1       1       1       1       1
0        4      6685    1          0       0         0         0         0            26             1              1       1       1       1       1       1       1
0        4      7171    15         0       0         0         0         0           29             1              1       1       1       1       1       1       1
0        4      7174    15         0       0         0         0         0           29             1              1       1       1       1       1       1       1
0        4      7203    8          0       0         0         0         0           29             1              1       1       1       1       1       1       1
0        2      0       200000     0       0         0         0         0            32             1              1       1       1       1       1       1       1
0        2      0       300000     0       0         0         0         0            35             1              1       1       1       1       1       1       1
1        1      0       400000     0       0         0         0         0            35             1              1       1       1       1       1       1       1
0        4      7171    30         0       0         0         0         0           39             1              1       1       1       1       1       1       1
0        4      7174    30         0       0         0         0         0           39             1              1       1       1       1       1       1       1
0        4      7206    5          0       0         0         0         0           39             1              1       1       1       1       1       1       1
0        2      0       500000     0       0         0         0         0            42             1              1       1       1       1       1       1       1
1        1      0       800000     0       0         0         0         0            42             1              1       1       1       1       1       1       1
0        1      0       1000000    0       0         0         0         0            45             1              1       1       1       1       1       1       1
1        4      6159    1          0       0         0         0         0            45             1              1       1       1       1       1       1       1
0        4      7204    15         0       0         0         0         0           48             1              1       1       1       1       1       1       1
0        4      7207    15         0       0         0         0         0           48             1              1       1       1       1       1       1       1
0        2      0       300000     0       0         0         0         0            51             1              1       1       1       1       1       1       1
1        4      6159    1          0       0         0         0         0            51             1              1       1       1       1       1       1       1
0        4      7182    1          0       0         0         0         0            54             1              1       1       1       1       1       1       1
0        4      7205    10         0       0         0         0         0           57             1              1       1       1       1       1       1       1
0        4      7207    30         0       0         0         0         0           57             1              1       1       1       1       1       1       1
0        4      7182    1          0       0         0         0         0            60             1              1       1       1       1       1       1       1
0        4      7181    1          0       0         0         0         0            63             1              1       1       1       1       1       1       1
0        4      7205    20         0       0         0         0         0            66             1              1       1       1       1       1       1       1
0        4      7208    30         0       0         0         0         0           66             1              1       1       1       1       1       1       1
0        4      7181    1          0       0         0         0         0            69             1              1       1       1       1       1       1       1
0        4      7184    1          0       0         0         0         0            72             1              1       1       1       1       1       1       1
0        4      7205    30         0       0         0         0         0           75             1              1       1       1       1       1       1       1
0        4      7208    45         0       0         0         0         0           75             1              1       1       1       1       1       1       1
0        4      7182    2          0       0         0         0         0            78             1              1       1       1       1       1       1       1
0        4      7181    2          0       0         0         0         0            81             1              1       1       1       1       1       1       1
end

2
//Sort   Type   Index   Quantity   Level   Option1   Option2   Option3   NewOption   RequireIndex   RequireState   DW      DK      FE      MG      DL      SU      RF
0        1      0       10000      0       0         0         0         0            8              1              1       1       1       1       1       1       1
0        4      6674    1          1       0         0         0         0            11             1              1       1       1       1       1       1       1
0        2      0       100000     0       0         0         0         0            14             1              1       1       1       1       1       1       1
0        2      0       200000     0       0         0         0         0            17             1              1       1       1       1       1       1       1
1        1      0       100000     0       0         0         0         0            17             1              1       1       1       1       1       1       1
0        1      0       20000      0       0         0         0         0            26             1              1       1       1       1       1       1       1
0        4      6674    1          2       0         0         0         0            29             1              1       1       1       1       1       1       1
0        2      0       200000     0       0         0         0         0            32             1              1       1       1       1       1       1       1
0        2      0       300000     0       0         0         0         0            35             1              1       1       1       1       1       1       1
1        1      0       400000     0       0         0         0         0            35             1              1       1       1       1       1       1       1
0        4      6674    1          3       0         0         0         0            39             1              1       1       1       1       1       1       1
0        2      0       500000     0       0         0         0         0            42             1              1       1       1       1       1       1       1
1        1      0       800000     0       0         0         0         0            42             1              1       1       1       1       1       1       1
0        1      0       1000000    0       0         0         0         0            45             1              1       1       1       1       1       1       1
1        4      6159    1          0       0         0         0         0            45             1              1       1       1       1       1       1       1
0        4      6674    1          4       0         0         0         0            48             1              1       1       1       1       1       1       1
0        2      0       500000     0       0         0         0         0            51             1              1       1       1       1       1       1       1
1        4      6159    1          0       0         0         0         0            51             1              1       1       1       1       1       1       1
0        4      7182    1          0       0         0         0         0            54             1              1       1       1       1       1       1       1
0        4      6674    1          5       0         0         0         0            57             1              1       1       1       1       1       1       1
0        4      7182    1          0       0         0         0         0            60             1              1       1       1       1       1       1       1
0        4      7181    1          0       0         0         0         0            63             1              1       1       1       1       1       1       1
0        4      6674    1          6       0         0         0         0            66             1              1       1       1       1       1       1       1
0        4      7181    1          0       0         0         0         0            69             1              1       1       1       1       1       1       1
0        4      7184    1          0       0         0         0         0            72             1              1       1       1       1       1       1       1
0        4      6674    1          7       0         0         0         0            75             1              1       1       1       1       1       1       1
0        4      7182    2          0       0         0         0         0            78             1              1       1       1       1       1       1       1
0        4      7181    2          0       0         0         0         0            81             1              1       1       1       1       1       1       1
0        4      6674    1          8       0         0         0         0            84             1              1       1       1       1       1       1       1
0        4      7181    2          0       0         0         0         0            87             1              1       1       1       1       1       1       1
0        4      7184    2          0       0         0         0         0            90             1              1       1       1       1       1       1       1
end


3
//Sort   Type   Index   Quantity   Level   Option1   Option2   Option3   NewOption   RequireIndex   RequireState   DW      DK      FE      MG      DL      SU      RF
0        1      0       10000      0       0         0         0         0            8              1              1       1       1       1       1       1       1
0        4      7187    1          1       0         0         0         0            11             1              1       1       1       1       1       1       1
0        2      0       100000     0       0         0         0         0            14             1              1       1       1       1       1       1       1
0        2      0       200000     0       0         0         0         0            17             1              1       1       1       1       1       1       1
1        1      0       100000     0       0         0         0         0            17             1              1       1       1       1       1       1       1
0        1      0       20000      0       0         0         0         0            26             1              1       1       1       1       1       1       1
0        4      7187    1          2       0         0         0         0            29             1              1       1       1       1       1       1       1
0        2      0       200000     0       0         0         0         0            32             1              1       1       1       1       1       1       1
0        2      0       300000     0       0         0         0         0            35             1              1       1       1       1       1       1       1
1        1      0       400000     0       0         0         0         0            35             1              1       1       1       1       1       1       1
0        4      7187    1          3       0         0         0         0            39             1              1       1       1       1       1       1       1
0        2      0       500000     0       0         0         0         0            42             1              1       1       1       1       1       1       1
1        1      0       800000     0       0         0         0         0            42             1              1       1       1       1       1       1       1
0        1      0       1000000    0       0         0         0         0            45             1              1       1       1       1       1       1       1
1        4      6159    1          0       0         0         0         0            45             1              1       1       1       1       1       1       1
0        4      7187    1          4       0         0         0         0            48             1              1       1       1       1       1       1       1
0        2      0       500000     0       0         0         0         0            51             1              1       1       1       1       1       1       1
1        4      6159    1          0       0         0         0         0            51             1              1       1       1       1       1       1       1
0        4      7182    1          0       0         0         0         0            54             1              1       1       1       1       1       1       1
0        4      7187    1          5       0         0         0         0            57             1              1       1       1       1       1       1       1
0        4      7182    1          0       0         0         0         0            60             1              1       1       1       1       1       1       1
0        4      7181    1          0       0         0         0         0            63             1              1       1       1       1       1       1       1
0        4      7187    1          6       0         0         0         0            66             1              1       1       1       1       1       1       1
0        4      7181    1          0       0         0         0         0            69             1              1       1       1       1       1       1       1
0        4      7184    1          0       0         0         0         0            72             1              1       1       1       1       1       1       1
0        4      7187    1          7       0         0         0         0            75             1              1       1       1       1       1       1       1
0        4      7182    2          0       0         0         0         0            78             1              1       1       1       1       1       1       1
0        4      7181    2          0       0         0         0         0            81             1              1       1       1       1       1       1       1
end

4
//Sort   Type   Index   Quantity   Level   Option1   Option2   Option3   NewOption  RequireIndex   RequireState   DW      DK      FE      MG      DL      SU      RF
0        1      0       10000      0       0         0         0         0            8              1              1       1       1       1       1       1       1
0        4      6707    1          1       0         0         0         0            11             1              1       1       1       1       1       1       1
0        4      7182    1          0       0         0         0         0            14             1              1       1       1       1       1       1       1
0        1      0       20000      0       0         0         0         0            23             1              1       1       1       1       1       1       1
0        4      6707    1          2       0         0         0         0            26             1              1       1       1       1       1       1       1
0        4      7181    1          0       0         0         0         0            29             1              1       1       1       1       1       1       1
0        4      6707    1          3       0         0         0         0            33             1              1       1       1       1       1       1       1
0        4      7184    1          0       0         0         0         0            36             1              1       1       1       1       1       1       1
0        4      6707    1          4       0         0         0         0            39             1              1       1       1       1       1       1       1
0        4      6159    1          0       0         0         0         0            42             1              1       1       1       1       1       1       1
1        4      7182    1          0       0         0         0         0            42             1              1       1       1       1       1       1       1
0        4      6707    1          5       0         0         0         0            45             1              1       1       1       1       1       1       1
0        4      7182    1          0       0         0         0         0            48             1              1       1       1       1       1       1       1
1        4      7181    1          0       0         0         0         0            48             1              1       1       1       1       1       1       1
0        4      6707    1          6       0         0         0         0            51             1              1       1       1       1       1       1       1
0        4      7181    1          0       0         0         0         0            54             1              1       1       1       1       1       1       1
1        4      7184    1          0       0         0         0         0            54             1              1       1       1       1       1       1       1
end


5
//Sort   Type   Index   Quantity   Level   Option1   Option2   Option3   NewOption   RequireIndex   RequireState   DW      DK      FE      MG      DL      SU      RF
0        4      7181    1          0       0         0         0         0           4              1              1       1       1       1       1       1       1
0        4      7182    1          0       0         0         0         0           4              1              1       1       1       1       1       1       1
0        4      6159    1          0       0         0         0         0           4              1              1       1       1       1       1       1       1
0        1      0       800000     0       0         0         0         0           7              1              1       1       1       1       1       1       1
0        4      7181    1          0       0         0         0         0            10             1              1       1       1       1       1       1       1
0        4      7182    1          0       0         0         0         0           10             1              1       1       1       1       1       1       1
0        4      6159    1          0       0         0         0         0           10             1              1       1       1       1       1       1       1
0        4      7210    1          0       0         0         0         0           10             1              1       1       1       1       1       1       1
0        1      0       3000000    0       0         0         0         0            13             1              1       1       1       1       1       1       1
0        4      7181    1          0       0         0         0         0           16             1              1       1       1       1       1       1       1
0        4      7182    2          0       0         0         0         0           16             1              1       1       1       1       1       1       1
0        4      6159    1          0       0         0         0         0           16             1              1       1       1       1       1       1       1
0        4      7184    1          0       0         0         0         0           16             1              1       1       1       1       1       1       1
0        1      0       5000000    0       0         0         0         0            19             1              1       1       1       1       1       1       1
0        4      7181    1          0       0         0         0         0           22             1              1       1       1       1       1       1       1
0        4      7182    2          0       0         0         0         0           22             1              1       1       1       1       1       1       1
0        4      6159    1          0       0         0         0         0            22             1              1       1       1       1       1       1       1
0        4      7210    1          0       0         0         0         0           22             1              1       1       1       1       1       1       1
0        1      0       8000000    0       0         0         0         0            25             1              1       1       1       1       1       1       1
0        4      7181    1          0       0         0         0         0          28             1              1       1       1       1       1       1       1
0        4      7182    2          0       0         0         0         0           28             1              1       1       1       1       1       1       1
0        4      7184    1          0       0         0         0         0           28             1              1       1       1       1       1       1       1
0        4      7210    1          0       0         0         0         0           28             1              1       1       1       1       1       1       1
0        1      0       8000000    0       0         0         0         0            31             1              1       1       1       1       1       1       1
0        4      7181    1          0       0         0         0         0           34             1              1       1       1       1       1       1       1
0        4      7182    2          0       0         0         0         0           34             1              1       1       1       1       1       1       1
0        4      7184    2          0       0         0         0         0           34             1              1       1       1       1       1       1       1
0        1      0       5000000    0       0         0         0         0            37             1              1       1       1       1       1       1       1
end

6
//Sort   Type   Index   Quantity   Level   Option1   Option2   Option3   NewOption   RequireIndex   RequireState   DW      DK      FE      MG      DL      SU      RF
0        4      7331    1          0       0         0         0         0            4              1              1       1       1       1       1       1       1
0        4      7330    1          0       0         0         0         0            9              1              1       1       1       1       1       1       1
0        4      7330    1          0       0         0         0         0            14             1              1       1       1       1       1       1       1
end

7
//Sort   Type   Index   Quantity   Level   Option1   Option2   Option3   NewOption   RequireIndex   RequireState   DW      DK      FE      MG      DL      SU      RF
0        1      0       100000     0       0         0         0         0            5              1              1       1       1       1       1       1       1
1        4      6294    1          0       0         0         0         0            5              1              1       1       1       1       1       1       1
0        1      0       100000     0       0         0         0         0            10             1              1       1       1       1       1       1       1
1        4      6365    1          0       0         0         0         0            10             1              1       1       1       1       1       1       1
0        1      0       100000     0       0         0         0         0            16             1              1       1       1       1       1       1       1
1        4      6295    1          0       0         0         0         0            16             1              1       1       1       1       1       1       1
0        1      0       100000     0       0         0         0         0            19             1              1       1       1       1       1       1       1
1        4      6294    1          0       0         0         0         0            19             1              1       1       1       1       1       1       1
0        1      0       100000     0       0         0         0         0            26             1              1       1       1       1       1       1       1
1        4      6375    1          0       0         0         0         0            26             1              1       1       1       1       1       1       1
0        1      0       100000     0       0         0         0         0            29             1              1       1       1       1       1       1       1
1        4      6288    1          0       0         0         0         0            29             1              1       1       1       1       1       1       1
0        1      0       100000     0       0         0         0         0            32             1              1       1       1       1       1       1       1
1        4      6288    1          0       0         0         0         0            32             1              1       1       1       1       1       1       1
0        1      0       100000     0       0         0         0         0            35             1              1       1       1       1       1       1       1
1        4      6290    1          0       0         0         0         0            35             1              1       1       1       1       1       1       1
0        1      0       100000     0       0         0         0         0            38             1              1       1       1       1       1       1       1
1        4      6289    1          0       0         0         0         0            38             1              1       1       1       1       1       1       1
0        1      0       100000     0       0         0         0         0            41             1              1       1       1       1       1       1       1
1        4      6291    1          0       0         0         0         0            41             1              1       1       1       1       1       1       1
0        1      0       100000     0       0         0         0         0            44             1              1       1       1       1       1       1       1
1        4      6294    1          0       0         0         0         0            44             1              1       1       1       1       1       1       1
0        1      0       200000     0       0         0         0         0            47             1              1       1       1       1       1       1       1
1        2      0       100000     0       0         0         0         0            47             1              1       1       1       1       1       1       1
0        1      0       200000     0       0         0         0         0            50             1              1       1       1       1       1       1       1
1        2      0       100000     0       0         0         0         0            50             1              1       1       1       1       1       1       1
0        1      0       200000     0       0         0         0         0            53             1              1       1       1       1       1       1       1
1        2      0       100000     0       0         0         0         0            53             1              1       1       1       1       1       1       1
0        1      0       300000     0       0         0         0         0            56             1              1       1       1       1       1       1       1
1        2      0       100000     0       0         0         0         0            56             1              1       1       1       1       1       1       1
0        1      0       300000     0       0         0         0         0            59             1              1       1       1       1       1       1       1
1        2      0       100000     0       0         0         0         0            59             1              1       1       1       1       1       1       1
0        1      0       300000     0       0         0         0         0            62             1              1       1       1       1       1       1       1
1        2      0       100000     0       0         0         0         0            62             1              1       1       1       1       1       1       1
end

8
//Sort   Type   Index   Quantity   Level   Option1   Option2   Option3   NewOption   RequireIndex   RequireState   DW      DK      FE      MG      DL      SU      RF
0        1      0       1000000    0       0         0         0         0            1              1              1       1       1       1       1       1       1
0        4      6812    1          0       0         0         0         0            4              1              1       1       1       1       1       1       1
end

9
//Sort   Type   Index   Quantity   Level   Option1   Option2   Option3   NewOption   RequireIndex   RequireState   DW      DK      FE      MG      DL      SU      RF
0        1      0       1000000    0       0         0         0         0            1              1              1       1       1       1       1       1       1
0        4      6813    1          0       0         0         0         0            4              1              1       1       1       1       1       1       1
end

10
//Sort   Type   Index   Quantity   Level   Option1   Option2   Option3   NewOption   RequireIndex   RequireState   DW      DK      FE      MG      DL      SU      RF
0        1      0       1000000    0       0         0         0         0            1              1              1       1       1       1       1       1       1
0        4      6814    1          0       0         0         0         0            4              1              1       1       1       1       1       1       1
end

11
//Sort   Type   Index   Quantity   Level   Option1   Option2   Option3   NewOption   RequireIndex   RequireState   DW      DK      FE      MG      DL      SU      RF
0        1      0       1000000    0       0         0         0         0            1              1              1       1       1       1       1       1       1
0        1      0       1000000    0       0         0         0         0            4              1              1       1       1       1       1       1       1
0        1      0       1000000    0       0         0         0         0            7              1              1       1       1       1       1       1       1
0        4      6815    1          0       0         0         0         0            10             1              1       1       1       1       1       1       1
end

15
//Sort   Type   Index   Quantity   Level   Option1   Option2   Option3   NewOption   RequireIndex   RequireState   DW      DK      FE      MG      DL      SU      RF
0        1      0       100000     0       0         0         0         0            2              1              1       1       1       1       1       1       1
1        4      7203    3          0       0         0         0         0            2              1              1       1       1       1       1       1       1
2        16     0       5          0       0         0         0         0            2              1              1       1       1       1       1       1       1
0        1      0       200000     0       0         0         0         0            5              1              1       1       1       1       1       1       1
1        4      7203    3          0       0         0         0         0            5              1              1       1       1       1       1       1       1
2        16     0       5          0       0         0         0         0            5              1              1       1       1       1       1       1       1
0        1      0       300000     0       0         0         0         0            8              1              1       1       1       1       1       1       1
1        4      7204    3          0       0         0         0         0            8              1              1       1       1       1       1       1       1
2        16     0       5          0       0         0         0         0            8              1              1       1       1       1       1       1       1
0        1      0       400000     0       0         0         0         0            11             1              1       1       1       1       1       1       1
1        4      7205    3          0       0         0         0         0            11             1              1       1       1       1       1       1       1
2        16     0       5          0       0         0         0         0            11             1              1       1       1       1       1       1       1
0        1      0       450000     0       0         0         0         0            14             1              1       1       1       1       1       1       1
1        4      7205    3          0       0         0         0         0            14             1              1       1       1       1       1       1       1
2        16     0       5          0       0         0         0         0            14             1              1       1       1       1       1       1       1
end

16
//Sort   Type   Index   Quantity   Level   Option1   Option2   Option3   NewOption   RequireIndex   RequireState   DW      DK      FE      MG      DL      SU      RF
0        1      0       150000     0       0         0         0         0            2              1              1       1       1       1       1       1       1
1        4      7206    3          0       0         0         0         0            2              1              1       1       1       1       1       1       1
2        16     0       5          0       0         0         0         0            2              1              1       1       1       1       1       1       1
0        1      0       250000     0       0         0         0         0            5              1              1       1       1       1       1       1       1
1        4      7206    3          0       0         0         0         0            5              1              1       1       1       1       1       1       1
2        16     0       5          0       0         0         0         0            5              1              1       1       1       1       1       1       1
0        1      0       350000     0       0         0         0         0            8              1              1       1       1       1       1       1       1
1        4      7207    3          0       0         0         0         0            8              1              1       1       1       1       1       1       1
2        16     0       5          0       0         0         0         0            8              1              1       1       1       1       1       1       1
0        1      0       450000     0       0         0         0         0            11             1              1       1       1       1       1       1       1
1        4      7208    3          0       0         0         0         0            11             1              1       1       1       1       1       1       1
2        16     0       5          0       0         0         0         0            11             1              1       1       1       1       1       1       1
0        1      0       500000     0       0         0         0         0            14             1              1       1       1       1       1       1       1
1        4      7208    3          0       0         0         0         0            14             1              1       1       1       1       1       1       1
2        16     0       5          0       0         0         0         0            14             1              1       1       1       1       1       1       1
end

17
//Sort   Type   Index   Quantity   Level   Option1   Option2   Option3   NewOption   RequireIndex   RequireState   DW      DK      FE      MG      DL      SU      RF
0        1      0       2000       0       0         0         0         0            1              1              1       1       1       1       1       1       1 
0        1      0       6000       0       0         0         0         0            4              1              0       1       0       1       1       0       1 
0        1      0       6000       0       0         0         0         0            5              1              1       0       0       0       0       0       0 
0        1      0       6000       0       0         0         0         0            6              1              0       0       1       0       0       0       0 
0        1      0       6000       0       0         0         0         0            7              1              0       0       0       0       0       1       0
0        1      0       10000      0       0         0         0         0            10             1              0       1       0       1       1       0       1 
0        1      0       10000      0       0         0         0         0            11             1              1       0       0       0       0       0       0 
0        1      0       10000      0       0         0         0         0            12             1              0       0       1       0       0       0       0 
0        1      0       10000      0       0         0         0         0            13             1              0       0       0       0       0       1       0
0        1      0       14000      0       0         0         0         0            16             1              0       1       1       1       1       0       1 
0        1      0       14000      0       0         0         0         0            17             1              1       0       0       0       0       1       0
0        1      0       21000      0       0         0         0         0            20             1              0       1       1       1       1       0       1 
0        1      0       21000      0       0         0         0         0            21             1              1       0       0       0       0       1       0
0        1      0       28000      0       0         0         0         0            24             1              0       1       1       1       1       0       1 
0        1      0       28000      0       0         0         0         0            25             1              1       0       0       0       0       1       0
0        1      0       36000      0       0         0         0         0            28             1              0       1       1       1       1       0       1 
0        1      0       36000      0       0         0         0         0            29             1              1       0       0       0       0       1       0
0        1      0       38000      0       0         0         0         0            32             1              0       1       1       1       1       0       1 
0        1      0       38000      0       0         0         0         0            33             1              1       0       0       0       0       1       0
0        1      0       43000      0       0         0         0         0            36             1              0       1       1       1       1       0       1 
0        1      0       43000      0       0         0         0         0            37             1              1       0       0       0       0       1       0
0        1      0       50000      0       0         0         0         0            40             1              0       1       1       1       1       0       1 
0        1      0       50000      0       0         0         0         0            41             1              1       0       0       0       0       1       0
0        1      0       54000      0       0         0         0         0            44             1              0       1       1       1       1       0       1 
0        1      0       54000      0       0         0         0         0            45             1              1       0       0       0       0       1       0
0        1      0       60000      0       0         0         0         0            48             1              0       1       1       1       1       0       1 
0        1      0       60000      0       0         0         0         0            49             1              1       0       0       0       0       1       0
0        1      0       66000      0       0         0         0         0            52             1              0       1       1       1       1       0       1 
0        1      0       66000      0       0         0         0         0            53             1              1       0       0       0       0       1       0
0        1      0       72000      0       0         0         0         0            56             1              0       1       1       1       1       0       1 
0        1      0       72000      0       0         0         0         0            57             1              1       0       0       0       0       1       0
0        1      0       80000      0       0         0         0         0            60             1              0       1       1       1       1       0       1 
0        1      0       80000      0       0         0         0         0            61             1              1       0       0       0       0       1       0
0        1      0       82000      0       0         0         0         0            64             1              0       1       1       1       1       0       1 
0        1      0       82000      0       0         0         0         0            65             1              1       0       0       0       0       1       0
0        1      0       84000      0       0         0         0         0            68             1              0       1       1       1       1       0       1 
0        1      0       84000      0       0         0         0         0            69             1              1       0       0       0       0       1       0
0        1      0       95000      0       0         0         0         0            72             1              0       1       1       1       1       0       1 
0        1      0       95000      0       0         0         0         0            73             1              1       0       0       0       0       1       0
0        1      0       110000     0       0         0         0         0            76             1              0       1       1       1       1       0       1 
0        1      0       110000     0       0         0         0         0            77             1              1       0       0       0       0       1       0
0        1      0       120000     0       0         0         0         0            80             1              0       1       1       1       1       0       1 
0        1      0       120000     0       0         0         0         0            81             1              1       0       0       0       0       1       0
0        1      0       130000     0       0         0         0         0            84             1              0       1       1       1       1       0       1 
0        1      0       130000     0       0         0         0         0            85             1              1       0       0       0       0       1       0
0        1      0       160000     0       0         0         0         0            88             1              0       1       1       1       1       0       1 
1        4      6159    1          0       0         0         0         0            88             1              0       1       1       1       1       0       1
0        1      0       160000     0       0         0         0         0            89             1              1       0       0       0       0       1       0
1        4      6159    1          0       0         0         0         0            89             1              1       0       0       0       0       1       0
0        1      0       140000     0       0         0         0         0            92             1              0       1       1       1       1       0       1 
0        1      0       140000     0       0         0         0         0            93             1              1       0       0       0       0       1       0
0        1      0       170000     0       0         0         0         0            96             1              1       1       1       1       1       1       1
1        4      6159    1          0       0         0         0         0            96             1              1       1       1       1       1       1       1
0        1      0       150000     0       0         0         0         0            99             1              1       1       1       1       1       1       1
0        1      0       180000     0       0         0         0         0            102            1              1       1       1       1       1       1       1
1        4      7182    1          0       0         0         0         0            102            1              1       1       1       1       1       1       1
0        1      0       160000     0       0         0         0         0            105            1              1       1       1       1       1       1       1
0        1      0       190000     0       0         0         0         0            108            1              1       1       1       1       1       1       1
1        4      7182    1          0       0         0         0         0            108            1              1       1       1       1       1       1       1
0        1      0       170000     0       0         0         0         0            111            1              1       1       1       1       1       1       1
0        1      0       200000     0       0         0         0         0            114            1              1       1       1       1       1       1       1
1        4      7181    1          0       0         0         0         0            114            1              1       1       1       1       1       1       1
0        1      0       180000     0       0         0         0         0            117            1              1       1       1       1       1       1       1
0        1      0       210000     0       0         0         0         0            120            1              1       1       1       1       1       1       1
1        4      7181    1          0       0         0         0         0            120            1              1       1       1       1       1       1       1
0        1      0       190000     0       0         0         0         0            123            1              1       1       1       1       1       1       1
0        1      0       220000     0       0         0         0         0            126            1              1       1       1       1       1       1       1
1        4      7181    1          0       0         0         0         0            126            1              1       1       1       1       1       1       1
0        1      0       200000     0       0         0         0         0            129            1              1       1       1       1       1       1       1
end


19
//Sort   Type   Index   Quantity   Level   Option1   Option2   Option3   NewOption   RequireIndex   RequireState   DW      DK      FE      MG      DL      SU      RF
0        4      7319    1          0       0         0         0         0            7              1              1       1       1       1       1       1       1
0        1      0       5000       0       0         0         0         0            9              1              1       1       1       1       1       1       1
0        1      0       500000     0       0         0         0         0           12             1              1       1       1       1       1       1       1
0        4      7182    1          0       0         0         0         0           12             1              1       1       1       1       1       1       1
0        4      7181    1          0       0         0         0         0           12             1              1       1       1       1       1       1       1
0        1      0       500000     0       0         0         0         0           15             1              1       1       1       1       1       1       1
0        4      7182    1          0       0         0         0         0           15             1              1       1       1       1       1       1       1
0        4      7181    1          0       0         0         0         0           15             1              1       1       1       1       1       1       1
1        4      7320    1          0       0         0         0         0            15             1              1       1       1       1       1       1       1
2        4      7326    1          0       0         0         0         0            15             1              1       1       1       1       1       1       1
0        1      0       5000       0       0         0         0         0            16             1              1       1       1       1       1       1       1
0        2      0       1000000    0       0         0         0         0           19             1              1       1       1       1       1       1       1
0        4      7182    1          0       0         0         0         0           19             1              1       1       1       1       1       1       1
0        4      7184    1          0       0         0         0         0           19             1              1       1       1       1       1       1       1 
0        2      0       1000000    0       0         0         0         0           22             1              1       1       1       1       1       1       1
0        4      7182    1          0       0         0         0         0           22             1              1       1       1       1       1       1       1
0        4      7184    1          0       0         0         0         0           22             1              1       1       1       1       1       1       1
1        4      7320    1          0       0         0         0         0            22             1              1       1       1       1       1       1       1
2        4      7325    1          0       0         0         0         0            22             1              1       1       1       1       1       1       1
0        1      0       5000       0       0         0         0         0            23             1              1       1       1       1       1       1       1
0        16     0       500        0       0         0         0         0            26             1              1       1       1       1       1       1       1
0        4      7190    1          0       0         0         0         0           26             1              1       1       1       1       1       1       1
0        4      6159    1          0       0         0         0         0           26             1              1       1       1       1       1       1       1 
0        16     0       500        0       0         0         0         0           29             1              1       1       1       1       1       1       1
0        4      7190    1          0       0         0         0         0           29             1              1       1       1       1       1       1       1
0        4      6159    1          0       0         0         0         0           29             1              1       1       1       1       1       1       1
1        4      7320    1          0       0         0         0         0            29             1              1       1       1       1       1       1       1
2        4      7327    1          0       0         0         0         0            29             1              1       1       1       1       1       1       1
0        1      0       5000       0       0         0         0         0            30             1              1       1       1       1       1       1       1
0        1      0       500000     0       0         0         0         0           33             1              1       1       1       1       1       1       1
0        4      7181    1          0       0         0         0         0            33             1              1       1       1       1       1       1       1
0        4      7184    1          0       0         0         0         0           33             1              1       1       1       1       1       1       1 
0        1      0       500000     0       0         0         0         0           36             1              1       1       1       1       1       1       1
0        4      7181    1          0       0         0         0         0           36             1              1       1       1       1       1       1       1
0        4      7184    1          0       0         0         0         0           36             1              1       1       1       1       1       1       1
1        4      7320    1          0       0         0         0         0            36             1              1       1       1       1       1       1       1
2        4      7326    1          0       0         0         0         0            36             1              1       1       1       1       1       1       1
0        1      0       5000       0       0         0         0         0            37             1              1       1       1       1       1       1       1
0        2      0       1000000    0       0         0         0         0           40             1              1       1       1       1       1       1       1
0        4      7190    1          0       0         0         0         0           40             1              1       1       1       1       1       1       1
0        4      7184    1          0       0         0         0         0           40             1              1       1       1       1       1       1       1 
0        2      0       1000000    0       0         0         0         0           43             1              1       1       1       1       1       1       1
0        4      7190    1          0       0         0         0         0           43             1              1       1       1       1       1       1       1
0        4      7184    1          0       0         0         0         0          43             1              1       1       1       1       1       1       1
1        4      7320    1          0       0         0         0         0            43             1              1       1       1       1       1       1       1
2        4      7325    1          0       0         0         0         0            43             1              1       1       1       1       1       1       1
0        1      0       5000       0       0         0         0         0            44             1              1       1       1       1       1       1       1
0        16     0       500        0       0         0         0         0           47             1              1       1       1       1       1       1       1
0        4      7190    1          0       0         0         0         0           47             1              1       1       1       1       1       1       1
0        4      7181    1          0       0         0         0         0           47             1              1       1       1       1       1       1       1 
0        16     0       500        0       0         0         0         0          50             1              1       1       1       1       1       1       1
0        4      7190    1          0       0         0         0         0           50             1              1       1       1       1       1       1       1
0        4      7181    1          0       0         0         0         0           50             1              1       1       1       1       1       1       1
1        4      7320    1          0       0         0         0         0            50             1              1       1       1       1       1       1       1
2        4      7327    1          0       0         0         0         0            50             1              1       1       1       1       1       1       1
0        1      0       5000       0       0         0         0         0            51             1              1       1       1       1       1       1       1
0        1      0       1000000    0       0         0         0         0           55             1              1       1       1       1       1       1       1
0        4      6159    1          0       0         0         0         0           55             1              1       1       1       1       1       1       1
0        1      0       1000000    0       0         0         0         0          58             1              1       1       1       1       1       1       1
0        4      6159    1          0       0         0         0         0           58             1              1       1       1       1       1       1       1
1        4      7320    1          0       0         0         0         0            58             1              1       1       1       1       1       1       1
2        4      7326    1          0       0         0         0         0            58             1              1       1       1       1       1       1       1
3        4      7327    1          0       0         0         0         0            58             1              1       1       1       1       1       1       1
0        2      0       500000     0       0         0         0         0            60             1              1       1       1       1       1       1       1
0        4      7338    1          0       0         0         0         0            72             1              1       1       1       1       1       1       1
0        1      0       5000       0       0         0         0         0            74             1              1       1       1       1       1       1       1
0        1      0       500000     0       0         0         0         0            77             1              1       1       1       1       1       1       1
1        4      7339    1          0       0         0         0         0            77             1              1       1       1       1       1       1       1
2        4      7327    1          0       0         0         0         0            77             1              1       1       1       1       1       1       1
0        1      0       5000       0       0         0         0         0            78             1              1       1       1       1       1       1       1
0        1      0       500000     0       0         0         0         0            81             1              1       1       1       1       1       1       1
1        4      7339    1          0       0         0         0         0            81             1              1       1       1       1       1       1       1
2        4      7327    1          0       0         0         0         0            81             1              1       1       1       1       1       1       1
0        1      0       5000       0       0         0         0         0            82             1              1       1       1       1       1       1       1
0        1      0       500000     0       0         0         0         0            85             1              1       1       1       1       1       1       1
1        4      7339    1          0       0         0         0         0            85             1              1       1       1       1       1       1       1
2        4      7327    1          0       0         0         0         0            85             1              1       1       1       1       1       1       1
0        1      0       5000       0       0         0         0         0            86             1              1       1       1       1       1       1       1
0        1      0       500000     0       0         0         0         0            89             1              1       1       1       1       1       1       1
1        4      7339    1          0       0         0         0         0            89             1              1       1       1       1       1       1       1
2        4      7327    1          0       0         0         0         0            89             1              1       1       1       1       1       1       1
0        1      0       5000       0       0         0         0         0            90             1              1       1       1       1       1       1       1
0        1      0       500000     0       0         0         0         0            93             1              1       1       1       1       1       1       1
1        4      7339    1          0       0         0         0         0            93             1              1       1       1       1       1       1       1
2        4      7327    1          0       0         0         0         0            93             1              1       1       1       1       1       1       1
0        1      0       5000       0       0         0         0         0            94             1              1       1       1       1       1       1       1
0        1      0       500000     0       0         0         0         0            97             1              1       1       1       1       1       1       1
1        4      7339    1          0       0         0         0         0            97             1              1       1       1       1       1       1       1
2        4      7327    1          0       0         0         0         0            97             1              1       1       1       1       1       1       1
0        1      0       5000       0       0         0         0         0            98             1              1       1       1       1       1       1       1
0        1      0       500000     0       0         0         0         0            101            1              1       1       1       1       1       1       1
1        4      7339    1          0       0         0         0         0            101            1              1       1       1       1       1       1       1
2        4      7327    1          0       0         0         0         0            101            1              1       1       1       1       1       1       1
0        2      0       500000     0       0         0         0         0            103            1              1       1       1       1       1       1       1
end